2-5

14,31,412,523,123,
5,145,341,134,231,
31,15,3,2,412,
3,412,42,1,524,
2,423,25,24,51

[4] [1] [2] [5] [3]
[5] [4] [1] [3] [2]
[1] [5] [3] [2] [4]
[3] [2] [4] [1] [5]
[2] [3] [5] [4] [1]


2-6

34,412,34,25,53,
31,25,12,21,34,
512,12,53,54,13,
23,23,14,53,13,
54,345,514,134,25

[4] [1] [3] [2] [5]
[3] [5] [2] [1] [4]
[1] [2] [5] [4] [3]
[2] [3] [4] [5] [1]
[5] [4] [1] [3] [2]


2-7

5,6,3,17,2,74,71,
624,56,4,53,76,1,467,
257,34,15,1,64,6,235,
46,5734,615,65,35,2,6,
23,1,21,6745,5,673,4,
63,74,471,2,71,3,1257,
671,12,64,24,674,5,413

[5] [6] [3] [7] [2] [4] [1]
[2] [5] [4] [3] [6] [1] [7]
[7] [3] [5] [1] [4] [6] [2]
[4] [7] [1] [5] [3] [2] [6]
[3] [1] [2] [6] [5] [7] [4]
[6] [4] [7] [2] [1] [3] [5]
[1] [2] [6] [4] [7] [5] [3]


2-8

234,124,14,241,
43,43,123,31,
413,123,43,413,
312,43,41,13

[3] [1] [4] [2]
[4] [3] [2] [1]
[1] [2] [3] [4]
[2] [4] [1] [3]


2-9

5,61,452,2351,456,4,
65,3,16,23,4,45,
245,512,3,1,54,256,
63,15,6,4,23,61,
145,6,5234,345,3,25,
2,64,523,46,12,3

[5] [1] [2] [3] [6] [4]
[6] [3] [1] [2] [4] [5]
[4] [2] [3] [1] [5] [6]
[3] [5] [6] [4] [2] [1]
[1] [6] [4] [5] [3] [2]
[2] [4] [5] [6] [1] [3]


2-10

35,14,245,14,31,
52,24,52,13,13,
12,25,135,35,43,
34,23,512,32,451,
35,53,24,351,251

[5] [1] [2] [4] [3]
[2] [4] [5] [3] [1]
[1] [2] [3] [5] [4]
[4] [3] [1] [2] [5]
[3] [5] [4] [1] [2]


2-11

13,65,21,15,16,42,
41,21,32,45,12,63,
16,64,41,23,15,13,
65,35,16,41,42,31,
64,14,51,63,43,24,
21,45,12,16,13,51

[3] [5] [2] [1] [6] [4]
[4] [2] [3] [5] [1] [6]
[1] [6] [4] [2] [5] [3]
[5] [3] [6] [4] [2] [1]
[6] [1] [5] [3] [4] [2]
[2] [4] [1] [6] [3] [5]


2-12

512,3,45,56,246,612,
125,6,135,4,41,21,
4,5,145,362,562,563,
3,15,156,25,5,4,
634,25,241,41,3,5,
31,245,235,54,65,3

[2] [3] [5] [6] [4] [1]
[5] [6] [3] [4] [1] [2]
[4] [5] [1] [3] [2] [6]
[3] [1] [6] [2] [5] [4]
[6] [2] [4] [1] [3] [5]
[1] [4] [2] [5] [6] [3]


2-13

52,63,15,36,74,72,54,
42,74,75,14,53,16,73,
71,37,46,56,15,25,12,
67,25,32,73,34,71,51,
45,74,53,52,63,73,14,
61,54,21,74,43,72,76,
63,71,65,25,25,54,76

[5] [6] [1] [3] [7] [2] [4]
[2] [4] [7] [1] [5] [6] [3]
[7] [3] [4] [6] [1] [5] [2]
[6] [2] [3] [7] [4] [1] [5]
[4] [7] [5] [2] [6] [3] [1]
[1] [5] [2] [4] [3] [7] [6]
[3] [1] [6] [5] [2] [4] [7]


2-14

9,7,3,4,1,5,6,8,2,
6,948,41,9267,734,267,4573,56,8,
2,356,7,3,6,4,8,894,1,
5,58,2,5634,4682,5614,7,3781,9,
4,613,9,7836,82,3569,5,725,6,
8,26,4,5613,9568,371,1,6734,3,
7,635,6,2,5,8,9,17,4,
3,7856,816,3671,21,49,4891,57,5,
1,9,5,8,3,6,2,4,7

[9] [7] [3] [4] [1] [5] [6] [8] [2]
[6] [4] [1] [9] [7] [2] [3] [5] [8]
[2] [5] [7] [3] [6] [4] [8] [9] [1]
[5] [8] [2] [6] [4] [1] [7] [3] [9]
[4] [1] [9] [7] [8] [3] [5] [2] [6]
[8] [2] [4] [5] [9] [7] [1] [6] [3]
[7] [3] [6] [2] [5] [8] [9] [1] [4]
[3] [6] [8] [1] [2] [9] [4] [7] [5]
[1] [9] [5] [8] [3] [6] [2] [4] [7]


2-15

7,3,4,35,6,21,1,
235,124,1,452,5,6,672,
246,371,463,67,342,15,65,
15,56,72,63,247,4,512,
457,756,62,1,723,7,2,
523,67,2,672,13,613,4,
156,34,5,12,716,1,34

[7] [3] [4] [5] [6] [2] [1]
[3] [2] [1] [4] [5] [6] [7]
[2] [1] [3] [7] [4] [5] [6]
[1] [6] [7] [3] [2] [4] [5]
[4] [5] [6] [1] [3] [7] [2]
[5] [7] [2] [6] [1] [3] [4]
[6] [4] [5] [2] [7] [1] [3]


2-16

48,38,71,45,83,13,62,63,
38,85,64,82,12,57,61,83,
56,65,42,86,37,41,13,83,
57,26,53,42,86,68,83,12,
72,16,63,75,54,62,84,41,
28,45,21,36,12,53,74,25,
12,28,65,38,54,52,25,57,
16,17,83,13,63,51,42,26

[4] [3] [7] [5] [8] [1] [2] [6]
[3] [5] [4] [2] [1] [7] [6] [8]
[5] [6] [2] [8] [7] [4] [1] [3]
[7] [2] [5] [4] [6] [8] [3] [1]
[2] [1] [3] [7] [5] [6] [8] [4]
[8] [4] [1] [6] [2] [3] [7] [5]
[1] [8] [6] [3] [4] [2] [5] [7]
[6] [7] [8] [1] [3] [5] [4] [2]


3-2

5,4,2,3,1,6,
2,513,134,346,135,1,
1,623,235,125,2451,4,
6,1235,615,312,2461,5,
3,561,6245,624,251,2,
4,2,5,1,6,3

[5] [4] [2] [3] [1] [6]
[2] [5] [4] [6] [3] [1]
[1] [6] [3] [5] [2] [4]
[6] [3] [1] [2] [4] [5]
[3] [1] [6] [4] [5] [2]
[4] [2] [5] [1] [6] [3]


3-3

3,4,14,234,5,
41,5,235,13,523,
412,1,24,534,234,
52,231,12,4,1,
13,24,534,13,4

[3] [4] [1] [2] [5]
[4] [5] [3] [1] [2]
[2] [1] [4] [5] [3]
[5] [3] [2] [4] [1]
[1] [2] [5] [3] [4]


3-4

3451,3452,2345,1245,451,
125,351,145,25,1,
423,43,35,1,2,
24,512,1,2,3,
524,1,2,3,4

[1] [2] [3] [4] [5]
[2] [3] [4] [5] [1]
[3] [4] [5] [1] [2]
[4] [5] [1] [2] [3]
[5] [1] [2] [3] [4]


3-5

25,35,56,24,51,41,
61,65,41,52,36,65,
16,23,15,53,342,51,
14,51,54,56,25,423,
54,54,43,14,64,32,
634,65,12,563,16,46

[2] [3] [6] [4] [5] [1]
[1] [5] [4] [2] [3] [6]
[6] [2] [1] [3] [4] [5]
[4] [1] [5] [6] [2] [3]
[5] [4] [3] [1] [6] [2]
[3] [6] [2] [5] [1] [4]


3-6

3,2,1,4,5,6,
2,4,6,341,61,625,
61,135,36,14,43,462,
246,32,45,461,625,16,
31,26,524,135,623,43,
65,16,534,62,65,361

[3] [2] [1] [4] [5] [6]
[2] [4] [6] [3] [1] [5]
[6] [5] [3] [1] [4] [2]
[4] [3] [5] [6] [2] [1]
[1] [6] [2] [5] [3] [4]
[5] [1] [4] [2] [6] [3]


3-7

27,82,48,76,31,61,513,93,76,
37,51,812,82,4,76,29,57,235,
91,76,368,5,94,2,54,61,38,
683,461,7,39,5,34,1,592,41,
24,3,249,1,694,7,52,8,65,
93,352,1,42,7,87,6,451,97,
39,47,67,7,893,5,623,613,925,
57,29,789,468,1,49,72,734,461,
146,94,568,73,92,43,789,572,31

[2] [8] [4] [6] [3] [1] [5] [9] [7]
[7] [1] [2] [8] [4] [6] [9] [5] [3]
[1] [7] [3] [5] [9] [2] [4] [6] [8]
[8] [6] [7] [9] [5] [3] [1] [2] [4]
[4] [3] [9] [1] [6] [7] [2] [8] [5]
[3] [5] [1] [2] [7] [8] [6] [4] [9]
[9] [4] [6] [7] [8] [5] [3] [1] [2]
[5] [2] [8] [4] [1] [9] [7] [3] [6]
[6] [9] [5] [3] [2] [4] [8] [7] [1]


3-8

13,24,34,13,
412,41,23,241,
31,24,31,12,
14,34,312,41

[1] [2] [4] [3]
[2] [1] [3] [4]
[3] [4] [1] [2]
[4] [3] [2] [1]


3-9

312,635,6,46,24,25,
352,5,53,1,13456,6,
256,4512,2,256,3,145,
52,62,43,36,61,12,
34512,62,4123,63,635,35,
36,456,35,1245,65,15

[1] [3] [6] [4] [2] [5]
[2] [5] [3] [1] [4] [6]
[6] [1] [2] [5] [3] [4]
[5] [6] [4] [3] [1] [2]
[4] [2] [1] [6] [5] [3]
[3] [4] [5] [2] [6] [1]


3-10

51,352,25,24,13,
54,41,35,23,32,
34,32,12,53,45,
45,24,43,32,12,
21,13,14,31,54

[1] [5] [2] [4] [3]
[4] [1] [5] [3] [2]
[3] [2] [1] [5] [4]
[5] [4] [3] [2] [1]
[2] [3] [4] [1] [5]


3-11

235,261,2,7,615,561,4,
745,472,257,124,573,362,31,
56,514,367,52,724,241,123,
352,423,6,15,734,372,5,
61,35,3,452,6,24,75,
5,1,54,473,72,231,634,
345,573,135,64,157,735,246

[3] [6] [2] [7] [1] [5] [4]
[7] [2] [5] [4] [3] [6] [1]
[6] [4] [7] [5] [2] [1] [3]
[2] [3] [6] [1] [4] [7] [5]
[1] [5] [3] [2] [6] [4] [7]
[5] [1] [4] [3] [7] [2] [6]
[4] [7] [1] [6] [5] [3] [2]


3-12

145,452,352,32,3,
35,52,34,145,21,
345,2,13,51,41,
52,51,412,3,4,
523,523,123,45,45

[1] [4] [5] [2] [3]
[3] [5] [4] [1] [2]
[4] [2] [3] [5] [1]
[5] [1] [2] [3] [4]
[2] [3] [1] [4] [5]


3-13

46,46,37,13,62,453,2345,
14,51,47,6,47,25,34,
21,35,6,27,1,53,14,
63,1,463,4,125,7,27,
15,76,1,2671,3,14,346,
63,45,2471,5,236,1457,27,
72,21,57,73,4761,463,351

[4] [6] [7] [1] [2] [3] [5]
[1] [5] [4] [6] [7] [2] [3]
[2] [3] [6] [7] [1] [5] [4]
[6] [1] [3] [4] [5] [7] [2]
[5] [7] [1] [2] [3] [4] [6]
[3] [4] [2] [5] [6] [1] [7]
[7] [2] [5] [3] [4] [6] [1]


3-14

5123,72,157,4,1,563,6,
2461,645,24,5623,362,7,734,
2,41,12,137,3,6,25,
625,7135,5134,3,7,2456,72,
73,472,76,167,5,5123,4,
571,312,2341,6,3452,5,7125,
54,573,63,725,6,51,5714

[5] [2] [7] [4] [1] [3] [6]
[1] [6] [4] [5] [2] [7] [3]
[2] [4] [1] [7] [3] [6] [5]
[6] [1] [5] [3] [7] [4] [2]
[3] [7] [6] [1] [5] [2] [4]
[7] [3] [2] [6] [4] [5] [1]
[4] [5] [3] [2] [6] [1] [7]


3-15

534,123,234,4,134,
23,345,13,231,524,
4,235,514,514,312,
1,452,4,123,54,
3,534,345,23,1

[5] [1] [2] [4] [3]
[2] [5] [3] [1] [4]
[4] [3] [1] [5] [2]
[1] [2] [4] [3] [5]
[3] [4] [5] [2] [1]


3-16

45,21,36,24,26,12,
56,41,53,31,25,42,
42,64,123456,123456,15,23,
24,13,123456,123456,34,65,
16,14,63,35,31,12,
53,51,54,24,13,26

[5] [2] [3] [4] [6] [1]
[6] [1] [5] [3] [2] [4]
[4] [6] [2] [1] [5] [3]
[2] [3] [1] [6] [4] [5]
[1] [4] [6] [5] [3] [2]
[3] [5] [4] [2] [1] [6]


4-1

3,2,5,4,1,
4,5,1,3,25,
514,31,21,5234,245,
32,1234,413,5123,125,
25,15,34,32,43

[3] [2] [5] [4] [1]
[4] [5] [1] [3] [2]
[1] [3] [2] [5] [4]
[2] [4] [3] [1] [5]
[5] [1] [4] [2] [3]


4-2

412,4,6,134,614,52,
352,6,12,46,2,523,
62,453,451,32,145,16,
1,5,614,625,43,2,
463,2,34,21,5,6,
413,12,235,513,612,341

[2] [4] [6] [3] [1] [5]
[5] [6] [1] [4] [2] [3]
[6] [3] [5] [2] [4] [1]
[1] [5] [4] [6] [3] [2]
[4] [2] [3] [1] [5] [6]
[3] [1] [2] [5] [6] [4]


