6-1

3,1,5,2,4,6,
26,251,24,14,25,13,
561,46,16,46,13,126,
24,52,34,56,13,64,
43,351,12,65,614,13,
125,46,261,362,24,53

[3] [1] [5] [2] [4] [6]
[6] [2] [4] [1] [5] [3]
[5] [6] [1] [4] [3] [2]
[2] [5] [3] [6] [1] [4]
[4] [3] [2] [5] [6] [1]
[1] [4] [6] [3] [2] [5]


6-2

3,32,54,514,4,
54,342,45,2,31,
123,451,342,125,23,
523,512,34,43,125,
14,5,1,135,25

[3] [2] [5] [1] [4]
[5] [3] [4] [2] [1]
[1] [4] [2] [5] [3]
[2] [1] [3] [4] [5]
[4] [5] [1] [3] [2]


6-3

1,63,41,52,53,352,
51,2,156,361,136,41,
25,25,3,61,42,21,
16,15,356,4,312,423,
53,341,65,6124,5,12,
64,34,25,54,15,6

[1] [6] [4] [2] [3] [5]
[5] [2] [1] [3] [6] [4]
[2] [5] [3] [6] [4] [1]
[6] [1] [5] [4] [2] [3]
[3] [4] [6] [1] [5] [2]
[4] [3] [2] [5] [1] [6]


6-4

514,43,42,34,54,
12,52,514,23,34,
124,12,35,25,31,
245,13,524,12,35,
13,45,15,12,21

[1] [3] [2] [4] [5]
[2] [5] [1] [3] [4]
[4] [2] [3] [5] [1]
[5] [1] [4] [2] [3]
[3] [4] [5] [1] [2]


6-5

126,145,512,251,14,635,
5,41,126,136,423,16,
461,136,241,6,54,312,
34,524,1,145,6,351,
564,514,32,52,41,6,
2,136,451,312,31,4

[6] [1] [2] [5] [4] [3]
[5] [4] [6] [3] [2] [1]
[1] [3] [4] [6] [5] [2]
[3] [2] [1] [4] [6] [5]
[4] [5] [3] [2] [1] [6]
[2] [6] [5] [1] [3] [4]


6-6

42,24,13,51,43,
53,15,42,35,32,
43,25,52,135,34,
513,241,53,23,145,
21,523,452,341,12

[4] [2] [1] [5] [3]
[5] [1] [4] [3] [2]
[3] [5] [2] [1] [4]
[1] [4] [3] [2] [5]
[2] [3] [5] [4] [1]


6-7

6,34,2,87,1,58,3,74,956,
914,8,16,5,453,7,56,723,43,
4,75,3,81,2,48,29,35,569,
381,5,692,4,63,926,91,59,786,
1,91,4,625,847,369,53,84,25,
12,3,568,591,62,84,72,912,95,
7,712,561,53,28,29,94,96,914,
51,14,357,32,94,256,28,93,94,
73,63,579,76,357,514,24,84,83

[6] [4] [2] [8] [1] [5] [3] [7] [9]
[9] [8] [1] [5] [4] [7] [6] [2] [3]
[4] [7] [3] [1] [2] [8] [9] [5] [6]
[8] [5] [6] [4] [3] [2] [1] [9] [7]
[1] [9] [4] [6] [7] [3] [5] [8] [2]
[2] [3] [8] [9] [6] [4] [7] [1] [5]
[7] [2] [5] [3] [8] [9] [4] [6] [1]
[5] [1] [7] [2] [9] [6] [8] [3] [4]
[3] [6] [9] [7] [5] [1] [2] [4] [8]


6-8

4,5,43,341,42,61,473,
45,245,246,735,7,17,6,
37,13,341,251,634,357,251,
456,412,137,4,15,452,3,
462,147,146,67,3,345,571,
32,674,735,756,456,125,41,
17,3,726,2,512,67,14

[4] [5] [3] [1] [2] [6] [7]
[5] [4] [2] [3] [7] [1] [6]
[7] [1] [4] [5] [6] [3] [2]
[6] [2] [7] [4] [1] [5] [3]
[2] [7] [1] [6] [3] [4] [5]
[3] [6] [5] [7] [4] [2] [1]
[1] [3] [6] [2] [5] [7] [4]


6-9

51,37,53,32,257,824,146,614,
54,56,47,63,23,61,3571,81,
18,81,73,1478,36,35,12,35,
83,76,82,31,257,36,462,27,
3562,812,2361,47,13,46,85,561,
248,58,41,463,18,28,83,678,
16,48,452,15,513,47,86,7146,
78,82,76,278,468,56,231,8236

[1] [3] [5] [2] [7] [8] [6] [4]
[5] [6] [4] [3] [2] [1] [7] [8]
[8] [1] [7] [4] [6] [3] [2] [5]
[3] [7] [8] [1] [5] [6] [4] [2]
[2] [8] [3] [7] [1] [4] [5] [6]
[4] [5] [1] [6] [8] [2] [3] [7]
[6] [4] [2] [5] [3] [7] [8] [1]
[7] [2] [6] [8] [4] [5] [1] [3]


6-10

452,251,2,623,246,146,
613,452,125,52,524,312,
645,6,356,31,41,236,
234,2,346,4,14,145,
461,134,156,261,42,42,
625,135,41,56,312,6

[4] [5] [2] [3] [6] [1]
[6] [4] [1] [2] [5] [3]
[5] [6] [3] [1] [4] [2]
[3] [2] [6] [4] [1] [5]
[1] [3] [5] [6] [2] [4]
[2] [1] [4] [5] [3] [6]


6-11

452,635,672,271,613,362,125,
723,352,413,4,625,562,756,
361,714,5,7,4,261,371,
451,4,3,6,7,1,342,
124,126,4,3,5,671,563,
347,167,724,5,714,246,572,
723,471,346,231,362,257,412

[4] [5] [7] [2] [6] [3] [1]
[7] [3] [1] [4] [2] [6] [5]
[6] [1] [5] [7] [4] [2] [3]
[5] [4] [3] [6] [7] [1] [2]
[1] [2] [4] [3] [5] [7] [6]
[3] [6] [2] [5] [1] [4] [7]
[2] [7] [6] [1] [3] [5] [4]


6-12

371,12,462,47,15,361,35,
146,271,26,53,64,65,47,
523,51,137,452,674,371,356,
56,54,71,524,623,32,271,
64,65,361,61,745,74,72,
267,52,56,43,137,15,35,
67,63,54,63,12,74,613

[3] [2] [4] [7] [1] [6] [5]
[1] [7] [2] [3] [6] [5] [4]
[5] [1] [7] [2] [4] [3] [6]
[6] [4] [1] [5] [3] [2] [7]
[4] [6] [3] [1] [5] [7] [2]
[2] [5] [6] [4] [7] [1] [3]
[7] [3] [5] [6] [2] [4] [1]


6-13

21,236,514,451,362,251,75,
45,234,672,156,34,523,563,
624,75,236,147,31,724,564,
41,625,461,123,513,713,736,
563,613,36,45,76,64,512,
34,567,25,56,513,512,15,
712,47,413,34,256,456,513

[2] [3] [5] [4] [6] [1] [7]
[5] [2] [7] [1] [4] [3] [6]
[6] [5] [3] [7] [1] [2] [4]
[1] [6] [4] [2] [5] [7] [3]
[3] [1] [6] [5] [7] [4] [2]
[4] [7] [2] [6] [3] [5] [1]
[7] [4] [1] [3] [2] [6] [5]


6-14

513,678,523,291,41,691,21,41,72,
17,32,145,64,726,581,94,756,612,
926,967,43,591,589,467,368,53,645,
967,4,357,835,892,291,673,231,189,
893,382,168,237,724,54,816,594,8,
592,957,251,817,567,34,65,481,32,
784,371,867,28,579,357,478,6,9,
453,924,258,58,2,231,392,17,6,
915,74,591,936,893,572,568,825,346

[5] [8] [3] [9] [1] [6] [2] [4] [7]
[7] [3] [1] [4] [6] [8] [9] [5] [2]
[2] [6] [4] [1] [9] [7] [8] [3] [5]
[6] [4] [5] [3] [8] [9] [7] [2] [1]
[3] [2] [6] [7] [4] [5] [1] [9] [8]
[9] [5] [2] [8] [7] [4] [6] [1] [3]
[8] [1] [7] [2] [5] [3] [4] [6] [9]
[4] [9] [8] [5] [2] [1] [3] [7] [6]
[1] [7] [9] [6] [3] [2] [5] [8] [4]

6-15

367,257,158,845,451,368,723,783,
462,463,362,248,148,1,845,746,
471,574,834,562,281,847,824,683,
358,128,782,513,786,345,614,824,
782,784,623,561,346,716,726,146,
523,124,514,157,612,146,815,348,
146,37,348,234,473,145,4,563,
146,574,268,681,358,256,237,54

[6] [2] [1] [4] [5] [3] [7] [8]
[2] [6] [3] [8] [4] [1] [5] [7]
[7] [5] [4] [6] [1] [8] [2] [3]
[5] [8] [7] [3] [6] [4] [1] [2]
[8] [4] [2] [5] [3] [7] [6] [1]
[3] [1] [5] [7] [2] [6] [8] [4]
[1] [3] [8] [2] [7] [5] [4] [6]
[4] [7] [6] [1] [8] [2] [3] [5]


6-16

342,645,126,342,356,635,756,
561,513,257,451,123,624,564,
357,312,713,126,725,346,346,
236,246,671,372,725,271,341,
473,746,564,573,564,234,413,
467,471,124,514,234,723,412,
362,372,724,624,716,351,726

[4] [5] [1] [2] [6] [3] [7]
[1] [3] [7] [4] [2] [6] [5]
[5] [2] [3] [1] [7] [4] [6]
[2] [4] [6] [7] [5] [1] [3]
[7] [6] [5] [3] [4] [2] [1]
[6] [1] [2] [5] [3] [7] [4]
[3] [7] [4] [6] [1] [5] [2]


7-1

57,126,72,76,64,241,135,
36,12,12,4,71,613,25,
73,123,2,1,63,635,64,
512,675,64,2,613,715,46,
24,16,53,3,31,24,67,
246,471,6,5,2,371,71,
645,147,63,76,51,712,256

[5] [1] [7] [6] [4] [2] [3]
[3] [2] [1] [4] [7] [6] [5]
[7] [3] [2] [1] [6] [5] [4]
[1] [5] [4] [2] [3] [7] [6]
[2] [6] [5] [3] [1] [4] [7]
[4] [7] [6] [5] [2] [3] [1]
[6] [4] [3] [7] [5] [1] [2]


7-2

453,15,32,412,451,
412,231,1,54,23,
24,451,524,35,412,
13,45,134,13,245,
1,43,512,45,514

[5] [1] [3] [2] [4]
[4] [2] [1] [5] [3]
[2] [4] [5] [3] [1]
[3] [5] [4] [1] [2]
[1] [3] [2] [4] [5]


7-3

6,7456,73,37,51,482,78,2,
635,3,372,74,846,81,1,41,
72,34,1,81,73,5,735,63,
382,14,28,4,2,1467,53,87,
381,17,156,2,4,4823,867,83,
836,6812,4,716,362,2,674,357,
74,2,67,56,28,12,4,31,
4,683,73,168,457,157,62,1

[6] [5] [7] [3] [1] [4] [8] [2]
[5] [3] [2] [7] [6] [8] [1] [4]
[2] [4] [1] [8] [7] [5] [3] [6]
[3] [1] [8] [4] [2] [6] [5] [7]
[1] [7] [5] [2] [4] [3] [6] [8]
[8] [6] [4] [1] [3] [2] [7] [5]
[7] [2] [6] [5] [8] [1] [4] [3]
[4] [8] [3] [6] [5] [7] [2] [1]


7-4

1,958,592,2,78,16,3,46813,57,
685,1,581,4891,2,291,89,3,473,
97,6825,1,79,43,2,8357,786,3,
4,3481,67834,5,913,74,6,562,391,
9346,4,72,13579,5,14,37,6,38,
1358,1269,4,17,235,5,5724,7826,6,
7,382,3561,8,13478,56234,9,25691,8945,
57924,7,736,6125,8,47823,5614,9,52,
823,945,7,834,8246,8,42,12,9

[1] [8] [9] [2] [7] [6] [3] [4] [5]
[6] [1] [5] [4] [2] [9] [8] [3] [7]
[9] [6] [1] [7] [4] [2] [5] [8] [3]
[4] [3] [8] [5] [9] [7] [6] [2] [1]
[3] [4] [2] [9] [5] [1] [7] [6] [8]
[8] [9] [4] [1] [3] [5] [2] [7] [6]
[7] [2] [6] [8] [1] [3] [9] [5] [4]
[5] [7] [3] [6] [8] [4] [1] [9] [2]
[2] [5] [7] [3] [6] [8] [4] [1] [9]


7-5

723,25,67,32,31,54,34,
24,23,56,6725,61,14,247,
72,61,42,157,52,37,63,
56,71,13,367,245,67124,63,
32,46,17,57,236,256,41,
14,62,342,46,36,367,57,
26,561,534,51,715,54,12

[7] [2] [6] [3] [1] [5] [4]
[4] [3] [5] [2] [6] [1] [7]
[2] [1] [4] [7] [5] [3] [6]
[5] [7] [1] [6] [4] [2] [3]
[3] [4] [7] [5] [2] [6] [1]
[1] [6] [2] [4] [3] [7] [5]
[6] [5] [3] [1] [7] [4] [2]


7-6

14,346,462,625,36,64,
463,123,14,1345,65,635,
524,36,564,134,2,234,
2,15,43,64,5,514,
6,231,5,512,412,1,
246,251,2346,236,61,235

[1] [4] [2] [5] [3] [6]
[3] [2] [1] [4] [6] [5]
[5] [6] [4] [1] [2] [3]
[2] [1] [3] [6] [5] [4]
[6] [3] [5] [2] [4] [1]
[4] [5] [6] [3] [1] [2]


7-7

453,634,423,245,413,562,
512,361,514,312,412,635,
146,461,125,625,362,352,
346,342,241,156,235,612,
341,453,136,156,451,126,
261,512,523,635,412,346

[5] [3] [2] [4] [1] [6]
[2] [6] [1] [3] [4] [5]
[4] [1] [5] [2] [6] [3]
[6] [2] [4] [5] [3] [1]
[3] [4] [6] [1] [5] [2]
[1] [5] [3] [6] [2] [4]


7-8

563,32,256,16,53,573,46,683,
81,35,246,563,672,84,735,815,
312,76,68,24,745,82,71,35,
71,82,736,634,64,357,24,64,
85,16,86,857,746,26,31,32,
46,16,13,824,378,35,78,357,
673,45,41,458,168,126,26,473,
74,45,346,685,42,31,468,736

[6] [2] [5] [1] [3] [7] [4] [8]
[8] [3] [2] [6] [7] [4] [5] [1]
[2] [7] [6] [4] [5] [8] [1] [3]
[1] [8] [7] [3] [6] [5] [2] [4]
[5] [1] [8] [7] [4] [6] [3] [2]
[4] [6] [1] [2] [8] [3] [7] [5]
[3] [5] [4] [8] [1] [2] [6] [7]
[7] [4] [3] [5] [2] [1] [8] [6]


7-9

246,234,157,147,716,745,736,
461,145,234,2,157,341,673,
246,451,725,5,367,736,713,
137,3,1,6,5,4,512,
356,716,713,1,524,625,564,
675,413,231,7,126,362,127,
237,467,146,623,514,127,156

[6] [2] [5] [4] [1] [7] [3]
[1] [5] [4] [2] [7] [3] [6]
[4] [1] [2] [5] [3] [6] [7]
[7] [3] [1] [6] [5] [4] [2]
[3] [6] [7] [1] [2] [5] [4]
[5] [4] [3] [7] [6] [2] [1]
[2] [7] [6] [3] [4] [1] [5]


7-10

25,837,145,18,671,167,57,46,
624,47,13,463,25,87,36,32,
65,23,72,451,834,24,378,623,
231,346,845,54,87,613,372,58,
48,815,72,71,681,561,67,63,
58,84,36,835,524,37,15,481,
351,31,38,42,56,685,64,73,
76,38,43,46,468,21,261,58

[2] [3] [5] [8] [1] [6] [7] [4]
[6] [7] [1] [4] [5] [8] [3] [2]
[5] [2] [7] [1] [3] [4] [8] [6]
[1] [6] [4] [5] [7] [3] [2] [8]
[4] [5] [2] [7] [8] [1] [6] [3]
[8] [4] [6] [3] [2] [7] [5] [1]
[3] [1] [8] [2] [6] [5] [4] [7]
[7] [8] [3] [6] [4] [2] [1] [5]


7-11

31,3578,6,8456,58,1568,6891,4569,2,
3567,5689,5,21,59,64,3789,158,7834,
42,512,291,4913,675,1469,7896,8,1,
78,45,4613,3459,564,1478,239,614,834,
54,96,9147,91,9135,4592,64,9568,85,
8,4783,2471,53,673,31,682,82,94,
2,129,3568,78,5234,3,978,5,968,
279,6,2368,9458,1,37,35,93,3462,
2681,634,43,6,5124,895,6781,1279,5824

[3] [7] [6] [4] [8] [5] [1] [9] [2]
[6] [8] [5] [2] [9] [4] [3] [1] [7]
[4] [2] [9] [3] [5] [6] [7] [8] [1]
[7] [5] [1] [9] [6] [8] [2] [4] [3]
[5] [9] [7] [1] [3] [2] [4] [6] [8]
[8] [3] [4] [5] [7] [1] [6] [2] [9]
[2] [1] [8] [7] [4] [3] [9] [5] [6]
[9] [6] [2] [8] [1] [7] [5] [3] [4]
[1] [4] [3] [6] [2] [9] [8] [7] [5]


7-12

367,724,348,136,2,713,158,786,
231,137,41,781,145,723,835,16,
347,261,352,85,241,261,237,341,
5,816,813,816,713,467,524,267,
823,36,17,256,671,3,46,54,
462,7,867,825,81,341,13,823,
734,782,261,4,678,135,715,371,
127,75,735,583,814,28,623,571

[6] [4] [3] [1] [2] [7] [5] [8]
[1] [3] [4] [7] [5] [2] [8] [6]
[3] [2] [5] [8] [1] [6] [7] [4]
[5] [1] [8] [6] [3] [4] [2] [7]
[8] [6] [1] [2] [7] [3] [4] [5]
[4] [7] [6] [5] [8] [1] [3] [2]
[7] [8] [2] [4] [6] [5] [1] [3]
[2] [5] [7] [3] [4] [8] [6] [1]


7-13

467,312,247,246,246,534,261,
245,145,713,236,452,367,671,
672,125,352,523,352,247,671,
137,534,463,341,614,134,267,
352,126,534,615,157,712,245,
127,574,456,472,235,126,713,
473,625,413,267,561,362,635

[4] [3] [7] [2] [6] [5] [1]
[2] [4] [1] [3] [5] [7] [6]
[6] [1] [2] [5] [3] [4] [7]
[7] [5] [6] [1] [4] [3] [2]
[5] [2] [3] [6] [7] [1] [4]
[1] [7] [5] [4] [2] [6] [3]
[3] [6] [4] [7] [1] [2] [5]


7-14

28,62,16,524,73,35,135,7236,
783,561,32,58,1347,682,1348,41,
251,278,21,23,78,61,81245,56,
372,5634,84,8157,246,1567,72,14,
46,128,45,825,43,84,2367,746,
146,423,27,48,85,125,734,25,
574,85,256,17,238,468,561,73,
342,45,41,736,816,7123,267,38

[8] [2] [1] [4] [7] [3] [5] [6]
[7] [6] [3] [5] [4] [2] [8] [1]
[1] [7] [2] [3] [8] [6] [4] [5]
[2] [3] [8] [1] [6] [5] [7] [4]
[4] [1] [5] [2] [3] [8] [6] [7]
[6] [4] [7] [8] [5] [1] [3] [2]
[5] [8] [6] [7] [2] [4] [1] [3]
[3] [5] [4] [6] [1] [7] [2] [8] 


7-15

563,245,157,615,726,725,564,
624,357,413,614,461,346,467,
156,123,372,562,671,167,524,
716,725,756,3,125,564,245,
267,461,472,452,346,564,671,
614,261,746,746,246,345,635,
462,237,571,356,135,127,413

[3] [4] [1] [5] [7] [2] [6]
[2] [5] [3] [1] [4] [6] [7]
[5] [3] [7] [2] [6] [1] [4]
[1] [7] [6] [3] [5] [4] [2]
[7] [6] [2] [4] [3] [5] [1]
[6] [1] [4] [7] [2] [3] [5]
[4] [2] [5] [6] [1] [7] [3]


7-16

93,12,84,38,672,81,34561,27,53,
29,84,53,59,7893,491,857,381,64,
236,34,71,26,8945,1246,67925,2679,21,
52,3569,59,59234,94,1578,13,8913,57814,
2467,35,29,8356,261,756,5891,947,915,
623,1249,81,6923,47,65,674,827,379,
812,98,58,957,34,14589,127,61,42,
1349,87,346,51,635,43,3589,78914,28,
897,723,6791,46,237,892,67,935,72

[9] [2] [4] [8] [6] [1] [3] [7] [5]
[2] [8] [3] [5] [9] [4] [7] [1] [6]
[3] [4] [7] [6] [8] [2] [5] [9] [1]
[5] [6] [9] [2] [4] [7] [1] [3] [8]
[7] [5] [2] [3] [1] [6] [8] [4] [9]
[6] [1] [8] [9] [7] [5] [4] [2] [3]
[1] [9] [5] [7] [3] [8] [2] [6] [4]
[4] [7] [6] [1] [5] [3] [9] [8] [2]
[8] [3] [1] [4] [2] [9] [6] [5] [7]


8-1

21,8,347,145,693,31,4,54,26,
613,673,8,42,135,76,1,392,97,
1,793,5,81,914,36,925,7,3,
94,6,12,3,2,28,58,94,278,
895,34,6,9,28,1,7,693,28,
73,29,14,692,43,95,87,91,745,
81,53,26,378,671,42,3,98,18,
3,514,94,85,7,21,68,824,34,
461,7,3,2,671,35,49,6,847

[2] [8] [7] [1] [9] [3] [4] [5] [6]
[6] [3] [8] [4] [5] [7] [1] [2] [9]
[1] [9] [5] [8] [4] [6] [2] [7] [3]
[9] [6] [1] [3] [2] [8] [5] [4] [7]
[5] [4] [6] [9] [8] [1] [7] [3] [2]
[7] [2] [4] [6] [3] [9] [8] [1] [5]
[8] [5] [2] [7] [6] [4] [3] [9] [1]
[3] [1] [9] [5] [7] [2] [6] [8] [4]
[4] [7] [3] [2] [1] [5] [9] [6] [8]


8-2

158,8357,591,53,563,357,14,68,32,
36,9,513,72,71,52,782,1,452,
389,124,7,782,3482,93,6,45,91,
27,6785,824,9,7823,1,796,968,25,
84,34712,715,695,6,914,38,146,371,
452,53,68,7,271,8,279,836,19,
7825,1258,2,48,83,613,9,57,912367,
93,7,84,135,3679,34,359,2,368,
746,341,856,694,413,92,18,379,87

[1] [8] [9] [3] [5] [7] [4] [6] [2]
[6] [9] [3] [2] [7] [5] [8] [1] [4]
[9] [4] [7] [8] [2] [3] [6] [5] [1]
[2] [6] [4] [9] [3] [1] [7] [8] [5]
[8] [2] [1] [5] [6] [9] [3] [4] [7]
[4] [5] [6] [7] [1] [8] [2] [3] [9]
[5] [1] [2] [4] [8] [6] [9] [7] [3]
[3] [7] [8] [1] [9] [4] [5] [2] [6]
[7] [3] [5] [6] [4] [2] [1] [9] [8]


8-3

1257,6,7345,635,2,261,4573,
62,463,726,7,41,75,31,
16,372,45,5,456,746,345,
461,51,57,74,1346,4672,452,
5,74,27,7136,713,23,7,
614,52,231,4123,76,67,612,
73,347,1,342,5,614,6

[7] [6] [5] [3] [2] [1] [4]
[2] [3] [6] [7] [4] [5] [1]
[1] [2] [4] [5] [6] [7] [3]
[6] [1] [7] [4] [3] [2] [5]
[5] [4] [2] [6] [1] [3] [7]
[4] [5] [3] [1] [7] [6] [2]
[3] [7] [1] [2] [5] [4] [6]


8-4

71,57,382,18,21,146,35,568,
28,624,784,62,382,12,35,148,
35,18,65,52,48,76,246,51,
826,63,41,12345678,12345678,52,348,57,
28,81,64,12345678,12345678,53,68,358,
816,56,781,251,67,57,472,37,
58,72,35,41,63,68,75,845,
74,714,58,783,681,68,514,24

[7] [5] [2] [8] [1] [4] [3] [6]
[2] [4] [7] [6] [3] [1] [5] [8]
[3] [8] [6] [5] [4] [7] [2] [1]
[6] [3] [1] [4] [5] [2] [8] [7]
[8] [1] [4] [7] [2] [3] [6] [5]
[1] [6] [8] [2] [7] [5] [4] [3]
[5] [2] [3] [1] [6] [8] [7] [4]
[4] [7] [5] [3] [8] [6] [1] [2]


8-5

837,856,674,826,43,15,167,857,
723,512,781,458,671,473,412,3,
48,26,814,71,782,623,857,381,
735,574,682,5,1,382,24,678,
564,15,7,235,75,714,827,612,
65,357,21,136,645,6,32,583,
561,134,357,467,684,281,367,16,
786,827,36,26,167,458,241,46

[7] [8] [4] [2] [3] [1] [6] [5]
[2] [5] [1] [8] [6] [7] [4] [3]
[4] [6] [8] [7] [2] [3] [5] [1]
[3] [4] [6] [5] [1] [8] [2] [7]
[6] [1] [7] [3] [5] [4] [8] [2]
[5] [7] [2] [1] [4] [6] [3] [8]
[1] [3] [5] [4] [8] [2] [7] [6]
[8] [2] [3] [6] [7] [5] [1] [4]


8-6

453,145,513,231,342,
423,423,512,312,413,
245,524,514,234,341,
513,312,524,145,351,
352,451,245,241,524

[5] [4] [3] [1] [2]
[4] [3] [5] [2] [1]
[2] [5] [1] [3] [4]
[1] [2] [4] [5] [3]
[3] [1] [2] [4] [5] 


8-7

42,73,61,239,12,925,23,45,81,
67,4,23,86,5,13,97,8,26,
89,91,57,23,47,289,352,128,167,
291,15,32,98,37,76,57,456,461,
2368,6,53,21,8,785,43,2,8915,
94,891,947,9357,624,43,81,86,45,
61,65,58,412,98,43,62,35,57,
68,3,248,356,7,893,23,9,15,
35,29,615,6124,62,169,58,67,593

[2] [7] [6] [9] [1] [5] [3] [4] [8]
[7] [4] [3] [6] [5] [1] [9] [8] [2]
[8] [9] [7] [3] [4] [2] [5] [1] [6]
[9] [1] [2] [8] [3] [6] [7] [5] [4]
[3] [6] [5] [1] [8] [7] [4] [2] [9]
[4] [8] [9] [7] [2] [3] [1] [6] [5]
[1] [5] [8] [2] [9] [4] [6] [3] [7]
[6] [3] [4] [5] [7] [8] [2] [9] [1]
[5] [2] [1] [4] [6] [9] [8] [7] [3]


8-8

146,453,5,583,12,84,734,782,
36,584,341,12,682,612,351,746,
452,624,736,72,823,357,715,8,
736,128,147,826,5,581,46,312,
267,158,71,358,746,462,482,725,
473,57,236,814,845,715,231,26,
583,523,736,74,78,362,26,51,
1,624,825,562,3,27,126,4

[6] [3] [5] [8] [1] [4] [7] [2]
[3] [8] [4] [2] [6] [1] [5] [7]
[5] [4] [6] [7] [2] [3] [1] [8]
[7] [2] [1] [6] [5] [8] [4] [3]
[2] [1] [7] [3] [4] [6] [8] [5]
[4] [7] [2] [1] [8] [5] [3] [6]
[8] [5] [3] [4] [7] [2] [6] [1]
[1] [6] [8] [5] [3] [7] [2] [4]


8-9

359,826,692,453,891,956,1,73,564,
471,6,918,78,534,42,917,75,472,
28,145,8,139,72,246,957,168,936,
158,623,736,236,781,934,9,312,412,
785,679,351,83,572,681,946,256,523,
18,716,23,925,6,147,291,794,139,
96,457,59,471,41,83,462,583,279,
786,482,413,571,569,241,139,926,867,
914,35,168,372,169,469,68,379,714

[3] [8] [2] [4] [9] [5] [1] [7] [6]
[1] [6] [9] [8] [3] [2] [7] [5] [4]
[2] [4] [8] [9] [7] [6] [5] [1] [3]
[5] [3] [7] [6] [8] [4] [9] [2] [1]
[7] [9] [1] [3] [2] [8] [4] [6] [5]
[8] [1] [3] [5] [6] [7] [2] [4] [9]
[9] [7] [5] [1] [4] [3] [6] [8] [2]
[6] [2] [4] [7] [5] [1] [3] [9] [8]
[4] [5] [6] [2] [1] [9] [8] [3] [7]


8-10

462,51,413,564,463,1,
346,351,512,635,125,456,
453,452,156,453,413,123,
634,63,612,14,45,534,
563,261,231,562,35,456,
561,524,245,46,524,135

[2] [5] [3] [4] [6] [1]
[4] [1] [5] [3] [2] [6]
[3] [4] [6] [5] [1] [2]
[6] [3] [2] [1] [4] [5]
[5] [6] [1] [2] [3] [4]
[1] [2] [4] [6] [5] [3]


8-11

817,129,351,634,847,267,457,168,234,
574,157,579,312,935,756,278,846,895,
459,345,692,785,279,896,246,341,812,
482,834,524,2,9,7,157,568,246,
945,562,817,7,6,3,918,169,493,
239,891,169,6,2,4,574,796,937,
689,813,823,268,591,271,492,894,572,
268,635,724,249,381,571,523,714,925,
578,571,267,947,412,967,685,792,938

[1] [9] [5] [3] [4] [6] [7] [8] [2]
[4] [7] [9] [1] [3] [5] [2] [6] [8]
[9] [4] [2] [5] [7] [8] [6] [3] [1]
[8] [3] [4] [2] [9] [7] [1] [5] [6]
[5] [2] [8] [7] [6] [3] [9] [1] [4]
[3] [8] [1] [6] [2] [4] [5] [7] [9]
[6] [1] [3] [8] [5] [2] [4] [9] [7]
[2] [6] [7] [9] [8] [1] [3] [4] [5]
[7] [5] [6] [4] [1] [9] [8] [2] [3]


8-12

25,1457,64,7256,2346,7456,512,
1,7,5,25,6724,61,346,
346,346,51234,7156,57134,6745,46,
73,3,51,412,725,6234,67234,
645,271,72,1357,6,23,51,
56234,3457,36,351,472,34512,367,
67124,612,135,5,671,4,2

[2] [5] [4] [6] [3] [7] [1]
[1] [7] [5] [2] [4] [6] [3]
[3] [6] [2] [7] [1] [5] [4]
[7] [3] [1] [4] [5] [2] [6]
[4] [2] [7] [1] [6] [3] [5]
[5] [4] [6] [3] [2] [1] [7]
[6] [1] [3] [5] [7] [4] [2]


8-13

612,791,483,137,278,281,139,913,451,
128,568,236,816,349,149,678,813,68,
291,169,835,925,679,579,524,924,823,
856,271,412,35,76,95,893,957,423,
523,793,168,134,459,792,79,968,482,
246,693,249,37,134,471,836,135,958,
893,482,845,724,361,368,381,683,278,
463,156,578,714,624,938,685,68,59,
746,813,924,672,589,823,734,123,371

[6] [7] [4] [3] [8] [2] [1] [9] [5]
[2] [5] [3] [8] [9] [4] [7] [1] [6]
[1] [6] [8] [9] [7] [5] [2] [4] [3]
[8] [2] [1] [5] [6] [9] [3] [7] [4]
[5] [3] [6] [1] [4] [7] [9] [8] [2]
[4] [9] [2] [7] [3] [1] [6] [5] [8]
[9] [4] [5] [2] [1] [6] [8] [3] [7]
[3] [1] [7] [4] [2] [8] [5] [6] [9]
[7] [8] [9] [6] [5] [3] [4] [2] [1]


8-14

451,312,352,23,935,835,169,691,671,
594,145,451,674,524,7,714,128,423,
579,84,234,179,372,614,671,694,745,
917,149,267,157,928,913,917,156,423,
672,693,348,168,947,589,159,471,746,
381,452,957,157,146,126,352,945,892,
267,467,43,362,645,82,978,189,381,
812,682,483,645,247,391,356,352,568,
856,712,671,857,246,452,269,836,593

[4] [3] [5] [2] [9] [8] [6] [1] [7]
[9] [5] [1] [6] [2] [7] [4] [8] [3]
[5] [8] [2] [9] [3] [1] [7] [6] [4]
[7] [4] [6] [1] [8] [3] [9] [5] [2]
[2] [9] [3] [8] [4] [5] [1] [7] [6]
[3] [2] [9] [7] [1] [6] [5] [4] [8]
[6] [7] [4] [3] [5] [2] [8] [9] [1]
[1] [6] [8] [4] [7] [9] [3] [2] [5]
[8] [1] [7] [5] [6] [4] [2] [3] [9]


8-15

825,72,139,189,58,473,54,46,592,
756,583,15,362,27,95,84,937,147,
147,594,938,42,123456789,54,726,71,39,
71,491,796,123456789,613,123456789,914,78,459,
35,51,123456789,489,123456789,412,123456789,23,72,
29,38,149,123456789,73,123456789,782,846,916,
261,179,92,346,123456789,26,71,352,968,
826,148,47,84,15,53,857,39,452,
58,846,52,457,279,98,63,249,21

[8] [2] [3] [1] [5] [7] [4] [6] [9]
[7] [5] [1] [6] [2] [9] [8] [3] [4]
[4] [9] [8] [2] [6] [5] [7] [1] [3]
[1] [4] [6] [8] [3] [2] [9] [7] [5]
[3] [1] [5] [9] [8] [4] [6] [2] [7]
[9] [3] [4] [5] [7] [1] [2] [8] [6]
[2] [7] [9] [3] [4] [6] [1] [5] [8]
[6] [8] [7] [4] [1] [3] [5] [9] [2]
[5] [6] [2] [7] [9] [8] [3] [4] [1] 


8-16

453,351,612,783,453,467,482,382,
261,456,247,736,271,813,623,453,
723,245,681,564,147,482,867,716,
372,453,125,672,368,452,716,584,
453,614,128,147,238,561,271,261,
168,472,367,825,582,715,246,467,
514,127,867,381,837,458,247,146,
361,867,572,824,357,357,582,126

[4] [1] [6] [8] [5] [7] [2] [3]
[2] [6] [4] [7] [1] [8] [3] [5]
[3] [5] [1] [6] [4] [2] [8] [7]
[7] [3] [5] [2] [6] [4] [1] [8]
[5] [4] [8] [1] [3] [6] [7] [2]
[8] [7] [3] [5] [2] [1] [6] [4]
[1] [2] [7] [3] [8] [5] [4] [6]
[6] [8] [2] [4] [7] [3] [5] [1] 


9-1

5,3,9,7,2,4,6,1,8,
3,5,7,8,6,1,9,2,4,
3689,492,8912,935,34,9156,1578,5812,14789,
341,4781,572,67,8947,793,723,5814,67125,
957,6823,857,13479,561,69123,6782,78246,26,
279,3781,68,594,6934,491,894,63,67,
4692,7892,84,93,645,87,91368,836,582,
845,269,23569,23,734,15,68,93678,9167,
71,59,12346,12789,7846,4592,4591,4672,936

[5] [3] [9] [7] [2] [4] [6] [1] [8]
[3] [5] [7] [8] [6] [1] [9] [2] [4]
[8] [2] [1] [3] [4] [6] [7] [5] [9]
[1] [4] [2] [6] [9] [7] [3] [8] [5]
[9] [8] [5] [4] [1] [3] [2] [7] [6]
[2] [1] [8] [5] [3] [9] [4] [6] [7]
[6] [7] [4] [9] [5] [8] [1] [3] [2]
[4] [6] [3] [2] [7] [5] [8] [9] [1]
[7] [9] [6] [1] [8] [2] [5] [4] [3]


9-2

32,42,14,12,
1234,231,2341,14,
3412,241,3412,124,
31,41,21,341

[3] [2] [4] [1]
[2] [3] [1] [4]
[4] [1] [3] [2]
[1] [4] [2] [3]


9-3

512,135,234,452,135,
123,241,453,345,534,
523,312,241,251,234,
241,453,413,234,512,
524,451,135,451,241

[5] [3] [4] [2] [1]
[1] [2] [5] [4] [3]
[3] [1] [2] [5] [4]
[2] [4] [1] [3] [5]
[4] [5] [3] [1] [2]


9-4

1,234571,7,234561,6,1234567,4,
2345671,6,3456712,4,5671234,1,2345671,
3,1234567,1,6712345,2,123456,7,
5671234,4,712456,5,1234567,7,4567123,
4,2345671,6,5671234,1,123457,5,
723456,1,3456712,7,671245,3,456712,
7,5671234,5,6712345,4,3456712,3

[1] [3] [7] [2] [6] [5] [4]
[5] [6] [3] [4] [7] [1] [2]
[3] [5] [1] [6] [2] [4] [7]
[6] [4] [2] [5] [3] [7] [1]
[4] [7] [6] [3] [1] [2] [5]
[2] [1] [4] [7] [5] [3] [6]
[7] [2] [5] [1] [4] [6] [3]


9-5

124,24,246,41,352,56,
53,41,24,645,146,31,
251,51,523,25,634,246,
635,356,562,342,12,16,
635,46,14,423,15,24,
61,25,24,63,126,25

[4] [2] [6] [1] [3] [5]
[5] [4] [2] [6] [1] [3]
[2] [1] [3] [5] [4] [6]
[6] [3] [5] [4] [2] [1]
[3] [6] [1] [2] [5] [4]
[1] [5] [4] [3] [6] [2]


9-6

124,451,235,513,453,46,735,
27,134,573,673,54,135,23,
673,756,63,615,42,745,51,
624,456,43,675,17,57,36,
514,671,74,234,251,23,613,
725,612,64,34,47,362,156,
32,15,31,724,615,473,413

[1] [4] [2] [5] [3] [6] [7]
[7] [3] [5] [6] [4] [1] [2]
[6] [7] [3] [1] [2] [4] [5]
[2] [6] [4] [7] [1] [5] [3]
[4] [1] [7] [3] [5] [2] [6]
[5] [2] [6] [4] [7] [3] [1]
[3] [5] [1] [2] [6] [7] [4]


9-7

145,235,462,261,713,74,371,
726,16,472,54,231,23,67,
75,725,572,71,412,36,73,
614,145,342,534,372,54,257,
512,135,72,453,356,461,245,
613,726,357,67,357,62,467,
13,534,371,735,62,524,673

[4] [5] [6] [2] [3] [7] [1]
[2] [6] [4] [5] [1] [3] [7]
[7] [2] [5] [1] [4] [6] [3]
[6] [1] [2] [3] [7] [4] [5]
[5] [3] [7] [4] [6] [1] [2]
[1] [7] [3] [6] [5] [2] [4]
[3] [4] [1] [7] [2] [5] [6]


9-8

625,16,31,452,572,356,64,
71,614,472,673,125,234,563,
247,523,41,235,361,24,356,
572,472,17,64,42,341,123,
73,36,45,54,723,572,12,
62,357,745,231,37,524,713,
472,127,76,312,21,25,21

[2] [1] [3] [5] [7] [6] [4]
[1] [4] [2] [7] [5] [3] [6]
[7] [3] [1] [2] [6] [4] [5]
[5] [2] [7] [6] [4] [1] [3]
[3] [6] [5] [4] [2] [7] [1]
[6] [5] [4] [1] [3] [2] [7]
[4] [7] [6] [3] [1] [5] [2]


9-9

125,53,715,251,824,678,4,584,
56,812,246,357,534,412,267,867,
346,681,867,423,472,571,413,127,
756,824,568,124,362,582,816,13,
148,571,148,523,251,581,745,146,
423,5,561,148,512,367,452,814,
31,568,63,256,127,456,781,267,
845,846,26,678,563,635,372,714

[2] [3] [7] [1] [8] [6] [4] [5]
[5] [2] [4] [7] [3] [1] [6] [8]
[6] [1] [8] [2] [4] [5] [3] [7]
[7] [8] [5] [4] [6] [2] [1] [3]
[4] [7] [1] [3] [2] [8] [5] [6]
[3] [5] [6] [8] [1] [7] [2] [4]
[1] [6] [3] [5] [7] [4] [8] [2]
[8] [4] [2] [6] [5] [3] [7] [1]


9-10

482,34,856,86,281,457,613,267,
371,246,513,52,684,827,471,56,
341,21,613,36,27,38,235,58,
238,245,615,23,12,561,746,14,
462,24,745,51,83,231,138,13,
473,31,268,14,53,362,271,236,
58,473,514,15,56,847,13,725,
32,678,524,671,348,512,381,86

[2] [3] [5] [8] [1] [4] [6] [7]
[1] [6] [3] [2] [8] [7] [4] [5]
[4] [2] [1] [6] [7] [3] [5] [8]
[8] [5] [6] [3] [2] [1] [7] [4]
[6] [4] [7] [5] [3] [2] [8] [1]
[7] [1] [8] [4] [5] [6] [2] [3]
[5] [7] [4] [1] [6] [8] [3] [2]
[3] [8] [2] [7] [4] [5] [1] [6]


9-11

5684,7916,3589,6895,1279,6125,8134,7846,2491,
2461,5683,6125,2361,9,4812,1567,5623,3471,
9358,8357,2478,7,2,5,7824,1245,1689,
7945,9237,1,4,3,6,2,1569,8457,
6894,7,3,9,1,4,6,2,3578,
3812,5123,2,3,8,9,4,9246,1247,
7345,1458,7826,1,5,7,5914,4823,2459,
1234,7824,3689,8936,4,6914,2451,1789,3712,
2358,8234,9378,4893,6812,5693,9128,4891,6894

[6] [1] [8] [5] [7] [2] [3] [4] [9]
[4] [6] [5] [2] [9] [8] [7] [3] [1]
[9] [3] [4] [7] [2] [5] [8] [1] [6]
[7] [9] [1] [4] [3] [6] [2] [5] [8]
[8] [7] [3] [9] [1] [4] [6] [2] [5]
[1] [5] [2] [3] [8] [9] [4] [6] [7]
[3] [4] [6] [1] [5] [7] [9] [8] [2]
[2] [8] [9] [6] [4] [1] [5] [7] [3]
[5] [2] [7] [8] [6] [3] [1] [9] [4]


9-12

381,782,482,346,127,815,342,725,
735,736,672,482,512,715,342,248,
561,625,237,684,371,68,126,837,
634,635,713,257,256,483,271,783,
786,817,581,634,683,412,372,645,
561,534,371,735,412,786,382,341,
28,736,124,251,846,451,563,678,
726,261,258,128,74,467,352,358

[3] [8] [4] [6] [7] [1] [2] [5]
[7] [3] [6] [8] [1] [5] [4] [2]
[1] [5] [2] [4] [3] [8] [6] [7]
[4] [6] [7] [2] [5] [3] [1] [8]
[8] [1] [5] [3] [6] [2] [7] [4]
[5] [4] [3] [7] [2] [6] [8] [1]
[2] [7] [1] [5] [8] [4] [3] [6]
[6] [2] [8] [1] [4] [7] [5] [3]


9-13

347,16,78,7826,635,8934,92,46,845,
17,734,9248,139,675,2371,469,45,38,
7136,8125,9237,6815,675,9458,75,783,826,
589,9156,8913,367,8125,15,825,371,483,
28,591,261,94,82,836,7134,674,6793,
93,89,4592,645,91,18,7256,72,357,
584,97,928,48,457,56,523,349,412,
916,34,625,812,534,79,1459,38,79,
52,84,9267,837,6925,13,45,781,25

[4] [1] [7] [8] [3] [9] [2] [6] [5]
[7] [4] [8] [1] [6] [2] [9] [5] [3]
[1] [2] [9] [6] [7] [4] [5] [3] [8]
[9] [6] [3] [7] [2] [5] [8] [1] [4]
[2] [5] [1] [9] [8] [3] [7] [4] [6]
[3] [9] [4] [5] [1] [8] [6] [2] [7]
[8] [7] [2] [4] [5] [6] [3] [9] [1]
[6] [3] [5] [2] [4] [7] [1] [8] [9]
[5] [8] [6] [3] [9] [1] [4] [7] [2]


9-14

73,489,73,825,26,2456,312,913,8245,
62,45791,893456,934,581,9678,79,75,5673,
16,72,8457,57891,456913,958,361,167,9237,
14,64,683,79,78234,1235,91578,69,28,
49,128,5613,25691,825,56914,17,35,98,
745,169,31,4781,695,2348,14,7896,34,
81,58,8945,78246,13,796,32,64,781356,
234,615,6892,9168,89,49,78,379,15,
891,392,7823,47,3568,5814,86,523,28

[7] [8] [3] [5] [2] [6] [1] [9] [4]
[2] [7] [4] [3] [1] [8] [9] [5] [6]
[6] [2] [5] [8] [4] [9] [3] [1] [7]
[1] [4] [8] [9] [7] [3] [5] [6] [2]
[4] [1] [6] [2] [8] [5] [7] [3] [9]
[5] [9] [1] [7] [6] [2] [4] [8] [3]
[8] [5] [9] [6] [3] [7] [2] [4] [1]
[3] [6] [2] [1] [9] [4] [8] [7] [5]
[9] [3] [7] [4] [5] [1] [6] [2] [8]


9-15

923,492,926,349,579,136,784,178,745,
412,625,914,856,246,817,978,258,673,
567,794,524,935,261,261,189,675,678,
573,581,735,6,5,8,947,894,892,
624,289,124,7,3,5,926,469,136,
237,956,578,1,4,7,391,289,149,
138,347,178,695,927,812,682,583,782,
368,736,682,236,146,935,356,691,634,
815,583,379,189,481,341,925,125,673

[9] [2] [6] [4] [7] [3] [8] [1] [5]
[4] [5] [9] [8] [6] [1] [7] [2] [3]
[5] [9] [4] [3] [2] [6] [1] [7] [8]
[7] [1] [3] [6] [5] [8] [4] [9] [2]
[6] [8] [2] [7] [3] [5] [9] [4] [1]
[2] [6] [5] [1] [4] [7] [3] [8] [9]
[8] [4] [1] [5] [9] [2] [6] [3] [7]
[3] [7] [8] [2] [1] [9] [5] [6] [4]
[1] [3] [7] [9] [8] [4] [2] [5] [6] 


9-16

467,269,827,259,978,127,562,561,367,
561,469,967,724,781,492,139,462,892,
958,645,726,745,169,139,795,815,695,
679,734,281,156,927,835,129,148,463,
568,158,189,978,573,524,259,713,358,
135,178,825,679,149,735,271,896,682,
237,814,356,351,129,634,483,357,715,
146,456,483,569,139,231,896,635,746,
946,572,137,371,578,712,461,568,453

[4] [9] [7] [2] [8] [1] [5] [6] [3]
[5] [4] [6] [7] [1] [9] [3] [2] [8]
[8] [5] [2] [4] [6] [3] [7] [1] [9]
[7] [3] [1] [5] [2] [8] [9] [4] [6]
[6] [1] [9] [8] [7] [4] [2] [3] [5]
[3] [7] [8] [6] [4] [5] [1] [9] [2]
[2] [8] [5] [3] [9] [6] [4] [7] [1]
[1] [6] [4] [9] [3] [2] [8] [5] [7]
[9] [2] [3] [1] [5] [7] [6] [8] [4]


10-FINAL

9248,815,8367,91,896,391,245,6794,235,
8234,28,1568,78,91,369,73,827,6894,
91,71,3471,8967,58,9268,59,13,8125,
8256,513,9167,5234,71,2341,462,3591,4592,
2789,59,2368,124,3689,65,7135,61,76,
2571,3612,96,572,139,7246,713,892,937,
2346,24,25,1478,38,18,8235,569,6891,
847,571,98,34,692,96,7145,8924,1359,
623,56,3512,469,413,347,51,8923,148

[9] [8] [7] [1] [6] [3] [2] [4] [5]
[4] [2] [5] [8] [1] [9] [3] [7] [6]
[1] [7] [4] [6] [5] [8] [9] [3] [2]
[8] [3] [9] [5] [7] [2] [6] [1] [4]
[2] [9] [3] [4] [8] [5] [1] [6] [7]
[5] [1] [6] [2] [9] [4] [7] [8] [3]
[6] [4] [2] [7] [3] [1] [8] [5] [9]
[7] [5] [8] [3] [2] [6] [4] [9] [1]
[3] [6] [1] [9] [4] [7] [5] [2] [8] 
