+1

1,231,836,582,147,473,481,126,
345,2,147,834,615,567,145,367,
823,584,3,312,136,645,361,857,
241,563,571,4,238,823,251,461,
134,625,278,786,5,372,245,168,
568,178,247,135,478,6,736,458,
826,678,847,563,245,157,7,456,
673,147,456,671,574,463,237,8

[1] [3] [6] [5] [7] [4] [8] [2]
[4] [2] [1] [8] [6] [7] [5] [3]
[8] [4] [3] [2] [1] [5] [6] [7]
[2] [5] [7] [4] [3] [8] [1] [6]
[3] [6] [8] [7] [5] [2] [4] [1]
[5] [7] [2] [1] [8] [6] [3] [4]
[6] [8] [4] [3] [2] [1] [7] [5]
[7] [1] [5] [6] [4] [3] [2] [8]


+2

278,75,39,734,924,675,63,267,612,
724,362,673,62,87,814,29,149,625,
261,927,845,789,137,673,348,48,672,
935,85,756,123456789,123456789,123456789,692,34,937,
75,925,81,123456789,123456789,123456789,562,563,246,
46,574,937,123456789,123456789,123456789,856,93,583,
54,856,28,562,89,36,137,572,71,
692,268,846,462,136,351,917,35,342,
51,31,725,341,34,97,845,579,86

[8] [7] [9] [4] [2] [5] [3] [6] [1]
[2] [3] [7] [6] [8] [4] [9] [1] [5]
[1] [9] [5] [7] [3] [6] [4] [8] [2]
[3] [5] [6] [8] [1] [7] [2] [4] [9]
[7] [2] [1] [9] [5] [8] [6] [3] [4]
[6] [4] [3] [1] [7] [2] [5] [9] [8]
[4] [6] [8] [5] [9] [3] [1] [2] [7]
[9] [8] [4] [2] [6] [1] [7] [5] [3]
[5] [1] [2] [3] [4] [9] [8] [7] [6]


+3

817,139,381,362,457,924,926,817,593,
917,674,235,352,7,795,481,814,159,
956,389,645,1,583,9,823,379,574,
573,149,5,249,3,389,6,168,624,
795,7,156,4,816,3,256,2,816,
564,372,8,615,2,624,7,948,512,
712,785,679,8,957,4,918,267,135,
836,269,957,793,8,241,459,945,236,
935,379,613,372,817,278,736,895,245

[8] [1] [3] [6] [4] [2] [9] [7] [5]
[1] [6] [2] [3] [7] [5] [8] [4] [9]
[6] [8] [4] [1] [5] [9] [2] [3] [7]
[7] [4] [5] [9] [3] [8] [6] [1] [2]
[9] [7] [1] [4] [6] [3] [5] [2] [8]
[4] [3] [8] [5] [2] [6] [7] [9] [1]
[2] [5] [7] [8] [9] [4] [1] [6] [3]
[3] [2] [9] [7] [8] [1] [4] [5] [6]
[5] [9] [6] [2] [1] [7] [3] [8] [4]


+4

3412,1234,231,412,
241,123,413,134,
3412,413,413,413,
124,241,2341,134

[3] [4] [1] [2]
[1] [2] [3] [4]
[2] [3] [4] [1]
[4] [1] [2] [3]


+5 (Need guessing)

345,342,251,241,413,
251,352,241,245,312,
134,135,342,423,135,
534,231,234,251,523,
145,412,513,423,245

[3] [2] [5] [1] [4]
[2] [3] [4] [5] [1]
[1] [5] [2] [4] [3]
[4] [1] [3] [2] [5]
[5] [4] [1] [3] [2]


+6

6124,5124,3562,4613,5234,6124,
1256,1235,5612,3451,5614,4563,
2356,1356,6,1,1345,3561,
3512,4561,1,5,2456,1356,
1236,6123,1245,5634,5124,6245,
4613,5623,4513,6234,6124,2351

[6] [2] [5] [4] [3] [1]
[5] [1] [2] [3] [6] [4]
[2] [5] [6] [1] [4] [3]
[3] [4] [1] [5] [2] [6]
[1] [3] [4] [6] [5] [2]
[4] [6] [3] [2] [1] [5]


+7

124,413,453,413,341,
4512,312,3451,124,452,
3412,145,135,513,423,
352,125,534,512,342,
235,235,5123,4123,241

[2] [1] [5] [3] [4]
[4] [3] [1] [2] [5]
[1] [4] [3] [5] [2]
[5] [2] [4] [1] [3]
[3] [5] [2] [4] [1]


+8 (Need guessing)

451,246,563,241,346,341,
451,456,625,645,512,623,
462,523,514,561,345,256,
625,564,134,135,241,246,
356,235,452,623,145,135,
236,351,423,456,462,534

[5] [4] [6] [2] [3] [1]
[1] [6] [5] [4] [2] [3]
[4] [3] [1] [6] [5] [2]
[2] [5] [3] [1] [4] [6]
[6] [2] [4] [3] [1] [5]
[3] [1] [2] [5] [6] [4]


+9 (Need guessing)

135,156,251,124,3512,645,
352,612,613,563,1246,246,
126,612,524,463,452,563,
341,2345,146,2451,1246,512,
4613,461,634,125,352,136,
564,352,356,614,236,145

[3] [5] [2] [4] [1] [6]
[5] [6] [1] [3] [2] [4]
[2] [1] [5] [6] [4] [3]
[1] [3] [4] [5] [6] [2]
[6] [4] [3] [2] [5] [1]
[4] [2] [6] [1] [3] [5]



+15

8346,97,581,81,258,38,86,523,19,
817,735,28,826,54,937,51,6813,76,
923,36,1579,245,61,42,3458,895,2341,
95,685,1345,123456789,123456789,123456789,41,62,926,
1369,481,3689,123456789,123456789,123456789,49,6835,15,
15,48,5678,123456789,123456789,123456789,1238,71,2489,
471,92,6713,85,635,2345,93,34,12,
9678,23,584,7234,23,65,92,57,8917,
56,15,9568,6724,786,7235,574,12,64

[4] [7] [5] [1] [2] [8] [6] [3] [9]
[1] [3] [2] [6] [4] [9] [5] [8] [7]
[2] [6] [7] [5] [1] [4] [8] [9] [3]
[9] [8] [3] [4] [5] [7] [1] [2] [6]
[3] [1] [8] [9] [7] [2] [4] [6] [5]
[5] [4] [6] [3] [9] [1] [2] [7] [8]
[7] [9] [1] [8] [6] [5] [3] [4] [2]
[8] [2] [4] [7] [3] [6] [9] [5] [1]
[6] [5] [9] [2] [8] [3] [7] [1] [4] 


++1

624,241,625,361,456,362,
456,234,463,512,623,562,
564,524,635,634,613,145,
624,514,261,513,346,236,
423,356,124,623,561,514,
361,125,512,241,236,612

[6] [1] [5] [3] [4] [2]
[4] [3] [6] [1] [2] [5]
[5] [2] [3] [6] [1] [4]
[2] [4] [1] [5] [6] [3]
[3] [6] [4] [2] [5] [1]
[1] [5] [2] [4] [3] [6]


++2

2461,4571,2371,3572,5624,2361,2671,
1246,6123,5624,6,6734,5623,7356,
2346,4673,5,1,4,1567,7126,
2367,7,6,5,3,4,4513,
4613,3461,2,4,5,2356,4567,
6723,3562,5634,2,7125,2571,4563,
4561,6234,4712,4567,2456,5672,5134

[4] [5] [7] [3] [2] [1] [6]
[1] [2] [4] [6] [7] [3] [5]
[6] [3] [5] [1] [4] [7] [2]
[2] [7] [6] [5] [3] [4] [1]
[3] [1] [2] [4] [5] [6] [7]
[7] [6] [3] [2] [1] [5] [4]
[5] [4] [1] [7] [6] [2] [3] 
