7-2

351,1567,564,17,42,563,72,
16,672,62,256,736,5614,3672,
17,3562,56734,76,31,423,42,
13,35671,23451,14,562,61,1456,
62,613,634,21,54,76,56713,
257,56724,357,413,756,735,17,
462,75,7134,37,7346,615,271

[5] [6] [4] [1] [2] [3] [7]
[1] [2] [6] [5] [7] [4] [3]
[7] [3] [5] [6] [1] [2] [4]
[3] [7] [2] [4] [5] [1] [6]
[6] [1] [3] [2] [4] [7] [5]
[2] [4] [7] [3] [6] [5] [1]
[4] [5] [1] [7] [3] [6] [2]


7-3

27,35,56,24567,345,613,85,47823,
51,26,73,785,14,8136,5123,8236,
238,54,2681,62,382,21,53,347,
126,48,6234,734,3456,84,52,583,
46,13,45,4562,73,81347,347,15,
12,51,7824,73,715,563,73,816,
481,4681,258,58,8145,67813,63,42,
8134,567,683,17,25,453,68,53

[7] [5] [6] [4] [3] [1] [8] [2]
[5] [2] [7] [8] [4] [3] [1] [6]
[3] [4] [1] [6] [8] [2] [5] [7]
[1] [8] [3] [7] [6] [4] [2] [5]
[6] [3] [5] [2] [7] [8] [4] [1]
[2] [1] [4] [3] [5] [6] [7] [8]
[8] [6] [2] [5] [1] [7] [3] [4]
[4] [7] [8] [1] [2] [5] [6] [3]


7-4

1,936,378,2,897,693,3,489,957,
695,1,923,514,2,347,356,3,958,
915,591,1,792,564,2,948,689,3,
4,948,624,5,935,357,6,147,457,
128,4,913,923,5,812,372,6,912,
231,948,4,139,361,5,812,937,6,
7,672,716,8,136,614,9,456,291,
349,7,895,159,8,361,352,9,453,
125,893,7,136,489,8,813,127,9

[1] [6] [8] [2] [7] [9] [3] [4] [5]
[6] [1] [9] [4] [2] [7] [5] [3] [8]
[9] [5] [1] [7] [6] [2] [4] [8] [3]
[4] [8] [2] [5] [9] [3] [6] [1] [7]
[8] [4] [3] [9] [5] [1] [7] [6] [2]
[2] [9] [4] [3] [1] [5] [8] [7] [6]
[7] [2] [6] [8] [3] [4] [9] [5] [1]
[3] [7] [5] [1] [8] [6] [2] [9] [4]
[5] [3] [7] [6] [4] [8] [1] [2] [9]

7-5

124,241,124,413,
413,231,123,312,
413,234,241,234,
124,341,412,342

[2] [1] [4] [3]
[4] [2] [3] [1]
[3] [4] [1] [2]
[1] [3] [2] [4]


7-6

1345,35,65,72,514,62,26,
1235,75,342,13,2451,15,562,
4571,52,16,136,7234,17,574,
562,2356,13,574,17,462,76,
14,62,312,756,467,35,2361,
716,524,46,12,745,71,13,
24,612,37,123,46,147,534

[1] [3] [5] [7] [4] [6] [2]
[3] [7] [4] [1] [2] [5] [6]
[5] [2] [1] [6] [3] [7] [4]
[6] [5] [3] [4] [1] [2] [7]
[4] [6] [2] [5] [7] [3] [1]
[7] [4] [6] [2] [5] [1] [3]
[2] [1] [7] [3] [6] [4] [5]

7-7

3,235,856,54,5123,812,472,8,
18,3,12,3467,1456,3461,8,2468,
2678,683,3,5723,4612,8,46,6235,
2567,5734,5813,3,8,5671,826,41,
42,726,635,8,3,157,86,3581,
3568,7845,8,4583,267,3,61,7824,
2351,8,46,7123,674,257,3,3712,
8,2561,746,6815,54,267,1256,3

[3] [5] [6] [4] [2] [1] [7] [8]
[1] [3] [2] [7] [5] [4] [8] [6]
[7] [6] [3] [2] [1] [8] [4] [5]
[5] [7] [1] [3] [8] [6] [2] [4]
[4] [2] [5] [8] [3] [7] [6] [1]
[6] [4] [8] [5] [7] [3] [1] [2]
[2] [8] [4] [1] [6] [5] [3] [7]
[8] [1] [7] [6] [4] [2] [5] [3]


7-8

937,3812,48,468,7256,15,95,48,71,
381,71356,81,714,58,714,168,459,2367,
245,837,479,51,694,379,673,25,54,
94,5793,23689,12369,12468,63,847,71,54,
13,21,5678,5923,8234,98,359,567,958,
67234,18,5124,8356,43,6745,239,724,493,
89125,93,29,837,31,83,81367,423,623,
7814,235,56,796,9127,251,86,52,573,
8957,634,178,15,913,125,76,43,72

[7] [3] [4] [6] [2] [5] [9] [8] [1]
[3] [6] [8] [4] [5] [7] [1] [9] [2]
[2] [8] [9] [1] [6] [3] [7] [5] [4]
[9] [7] [3] [2] [8] [6] [4] [1] [5]
[1] [2] [7] [3] [4] [9] [5] [6] [8]
[6] [1] [5] [8] [3] [4] [2] [7] [9]
[5] [9] [2] [7] [1] [8] [3] [4] [6]
[4] [5] [6] [9] [7] [1] [8] [2] [3]
[8] [4] [1] [5] [9] [2] [6] [3] [7]


8-1

65,3891,93,48,87,32,514,85,792,
45,816,84,8167,17,83,947,42,4579,
23,72,61,26,671,2359,8945,452,29,915,56,359,9278,2358,74,47,58,584,
912,57,6725,9267,45,17,2341,46,78,
98,562,674,918,1356,593,459,8167,38,
736,41,745,3672,692,683,689,21,926,
64,912,712,98,54,8237,42,238,63,
21,583,8167,58,35,1689,54,928,13

[6] [3] [9] [4] [8] [2] [1] [5] [7]
[5] [1] [8] [6] [7] [3] [9] [2] [4]
[3] [7] [6] [2] [1] [5] [8] [4] [9]
[1] [6] [3] [9] [2] [4] [7] [8] [5]
[9] [5] [2] [7] [4] [1] [3] [6] [8]
[8] [2] [4] [1] [6] [9] [5] [7] [3]
[7] [4] [5] [3] [9] [8] [6] [1] [2]
[4] [9] [1] [8] [5] [7] [2] [3] [6]
[2] [8] [7] [5] [3] [6] [4] [9] [1] 
