Cross Set Infinity Extra stages (+, ++) puzzle & answer list.
------

+1

1,231,836,582,147,473,481,126,
345,2,147,834,615,567,145,367,
823,584,3,312,136,645,361,857,
241,563,571,4,238,823,251,461,
134,625,278,786,5,372,245,168,
568,178,247,135,478,6,736,458,
826,678,847,563,245,157,7,456,
673,147,456,671,574,463,237,8

[1] [3] [6] [5] [7] [4] [8] [2]
[4] [2] [1] [8] [6] [7] [5] [3]
[8] [4] [3] [2] [1] [5] [6] [7]
[2] [5] [7] [4] [3] [8] [1] [6]
[3] [6] [8] [7] [5] [2] [4] [1]
[5] [7] [2] [1] [8] [6] [3] [4]
[6] [8] [4] [3] [2] [1] [7] [5]
[7] [1] [5] [6] [4] [3] [2] [8]


+2

278,75,39,734,924,675,63,267,612,
724,362,673,62,87,814,29,149,625,
261,927,845,789,137,673,348,48,672,
935,85,756,123456789,123456789,123456789,692,34,937,
75,925,81,123456789,123456789,123456789,562,563,246,
46,574,937,123456789,123456789,123456789,856,93,583,
54,856,28,562,89,36,137,572,71,
692,268,846,462,136,351,917,35,342,
51,31,725,341,34,97,845,579,86

[8] [7] [9] [4] [2] [5] [3] [6] [1]
[2] [3] [7] [6] [8] [4] [9] [1] [5]
[1] [9] [5] [7] [3] [6] [4] [8] [2]
[3] [5] [6] [8] [1] [7] [2] [4] [9]
[7] [2] [1] [9] [5] [8] [6] [3] [4]
[6] [4] [3] [1] [7] [2] [5] [9] [8]
[4] [6] [8] [5] [9] [3] [1] [2] [7]
[9] [8] [4] [2] [6] [1] [7] [5] [3]
[5] [1] [2] [3] [4] [9] [8] [7] [6]


+3

817,139,381,362,457,924,926,817,593,
917,674,235,352,7,795,481,814,159,
956,389,645,1,583,9,823,379,574,
573,149,5,249,3,389,6,168,624,
795,7,156,4,816,3,256,2,816,
564,372,8,615,2,624,7,948,512,
712,785,679,8,957,4,918,267,135,
836,269,957,793,8,241,459,945,236,
935,379,613,372,817,278,736,895,245

[8] [1] [3] [6] [4] [2] [9] [7] [5]
[1] [6] [2] [3] [7] [5] [8] [4] [9]
[6] [8] [4] [1] [5] [9] [2] [3] [7]
[7] [4] [5] [9] [3] [8] [6] [1] [2]
[9] [7] [1] [4] [6] [3] [5] [2] [8]
[4] [3] [8] [5] [2] [6] [7] [9] [1]
[2] [5] [7] [8] [9] [4] [1] [6] [3]
[3] [2] [9] [7] [8] [1] [4] [5] [6]
[5] [9] [6] [2] [1] [7] [3] [8] [4]


+4

3412,1234,231,412,
241,123,413,134,
3412,413,413,413,
124,241,2341,134

[3] [4] [1] [2]
[1] [2] [3] [4]
[2] [3] [4] [1]
[4] [1] [2] [3]


+5 (Need guessing)

345,342,251,241,413,
251,352,241,245,312,
134,135,342,423,135,
534,231,234,251,523,
145,412,513,423,245

[3] [2] [5] [1] [4]
[2] [3] [4] [5] [1]
[1] [5] [2] [4] [3]
[4] [1] [3] [2] [5]
[5] [4] [1] [3] [2]


+6

6124,5124,3562,4613,5234,6124,
1256,1235,5612,3451,5614,4563,
2356,1356,6,1,1345,3561,
3512,4561,1,5,2456,1356,
1236,6123,1245,5634,5124,6245,
4613,5623,4513,6234,6124,2351

[6] [2] [5] [4] [3] [1]
[5] [1] [2] [3] [6] [4]
[2] [5] [6] [1] [4] [3]
[3] [4] [1] [5] [2] [6]
[1] [3] [4] [6] [5] [2]
[4] [6] [3] [2] [1] [5]


+7

124,413,453,413,341,
4512,312,3451,124,452,
3412,145,135,513,423,
352,125,534,512,342,
235,235,5123,4123,241

[2] [1] [5] [3] [4]
[4] [3] [1] [2] [5]
[1] [4] [3] [5] [2]
[5] [2] [4] [1] [3]
[3] [5] [2] [4] [1]


+8 (Need guessing)

451,246,563,241,346,341,
451,456,625,645,512,623,
462,523,514,561,345,256,
625,564,134,135,241,246,
356,235,452,623,145,135,
236,351,423,456,462,534

[5] [4] [6] [2] [3] [1]
[1] [6] [5] [4] [2] [3]
[4] [3] [1] [6] [5] [2]
[2] [5] [3] [1] [4] [6]
[6] [2] [4] [3] [1] [5]
[3] [1] [2] [5] [6] [4]


+9 (Need guessing)

135,156,251,124,3512,645,
352,612,613,563,1246,246,
126,612,524,463,452,563,
341,2345,146,2451,1246,512,
4613,461,634,125,352,136,
564,352,356,614,236,145

[3] [5] [2] [4] [1] [6]
[5] [6] [1] [3] [2] [4]
[2] [1] [5] [6] [4] [3]
[1] [3] [4] [5] [6] [2]
[6] [4] [3] [2] [5] [1]
[4] [2] [6] [1] [3] [5]


+10

71,34671,5624,246,235,127,452,
5634,64,72,251,2351,614,1247,
256,423,271,623,71456,734,6134,
675,574,423,126,45,472,27,
57134,123,24,52,5623,615,67,
46,12357,2471,6135,7124,1367,76,
124,5672,352,17,1237,63,534

[7] [1] [6] [4] [3] [2] [5]
[3] [4] [7] [5] [2] [6] [1]
[5] [2] [1] [6] [4] [7] [3]
[6] [7] [3] [1] [5] [4] [2]
[1] [3] [4] [2] [6] [5] [7]
[4] [5] [2] [3] [7] [1] [6]
[2] [6] [5] [7] [1] [3] [4]


+11

461,625,271,463,675,352,672,
146,127,245,236,237,534,312,
673,734,513,413,412,236,726,
734,134,714,251,726,674,573,
723,257,672,736,261,673,574,
457,671,342,715,352,137,236,
613,167,673,563,564,251,361

[1] [2] [7] [4] [5] [3] [6]
[4] [1] [2] [6] [7] [5] [3]
[3] [4] [5] [1] [2] [6] [7]
[7] [3] [1] [2] [6] [4] [5]
[2] [5] [6] [3] [1] [7] [4]
[5] [6] [4] [7] [3] [1] [2]
[6] [7] [3] [5] [4] [2] [1]


+12

42,614,678,6783,63,825,451,6125,
61245,13,7346,236,2381,2471,67,58,
13678,3457812,1234,24,47,613,123478,5713,
4723,268,8126,13,4678,167,257,34,
347,21,34,48,58,456,5682,4678123,
134,615,45,463,12357,781,7815,78,
7126,5623,371,145,582,43,584,21,
14,782,671,12347,714,835,23567,3572

[2] [4] [8] [7] [3] [5] [1] [6]
[5] [3] [4] [6] [1] [2] [7] [8]
[8] [5] [1] [4] [7] [6] [2] [3]
[3] [8] [2] [1] [6] [7] [5] [4]
[7] [1] [3] [8] [5] [4] [6] [2]
[4] [6] [5] [3] [2] [1] [8] [7]
[6] [2] [7] [5] [8] [3] [4] [1]
[1] [7] [6] [2] [4] [8] [3] [5]


+13

158,634,271,138,578,561,734,231,
136,836,612,835,457,147,126,613,
234,413,471,673,512,145,578,816,
674,342,358,231,614,734,148,845,
245,125,347,684,451,128,268,847,
716,345,756,625,745,361,857,812,
468,367,523,372,734,612,145,564,
824,736,146,168,571,723,836,614

[5] [3] [7] [1] [8] [6] [4] [2]
[1] [8] [6] [5] [4] [7] [2] [3]
[3] [1] [4] [6] [2] [5] [7] [8]
[7] [2] [8] [3] [6] [4] [1] [5]
[2] [5] [3] [4] [1] [8] [6] [7]
[6] [4] [5] [2] [7] [3] [8] [1]
[8] [6] [2] [7] [3] [1] [5] [4]
[4] [7] [1] [8] [5] [2] [3] [6]


+14

56,947,512,5789124,35712,4513,32,7234,8136,
1256,817,2591,54,3489,7346,241,348912,479,
83,2671,5634,7835,52,37,93,918,29,
3412,92,367,716,78,1346789,583,42,79456,
683,783,4893,6934,79256,412,2491,45,461,
594,35812,463,54,81,37,24,813,9567,
49,35,4623,231,368,38,792,956,178,
136,745,35,234567,823456,45912,89,615,563,
7824,74,139,123578,9467,9135,16,291,8167

[5] [9] [1] [8] [2] [4] [3] [7] [6]
[2] [1] [9] [5] [3] [6] [4] [8] [7]
[8] [6] [4] [7] [5] [3] [9] [1] [2]
[3] [2] [7] [6] [8] [1] [5] [4] [9]
[6] [3] [8] [9] [7] [2] [1] [5] [4]
[9] [8] [6] [4] [1] [7] [2] [3] [5]
[4] [5] [2] [3] [6] [8] [7] [9] [1]
[1] [7] [5] [2] [4] [9] [8] [6] [3]
[7] [4] [3] [1] [9] [5] [6] [2] [8]


+15

8346,97,581,81,258,38,86,523,19,
817,735,28,826,54,937,51,6813,76,
923,36,1579,245,61,42,3458,895,2341,
95,685,1345,123456789,123456789,123456789,41,62,926,
1369,481,3689,123456789,123456789,123456789,49,6835,15,
15,48,5678,123456789,123456789,123456789,1238,71,2489,
471,92,6713,85,635,2345,93,34,12,
9678,23,584,7234,23,65,92,57,8917,
56,15,9568,6724,786,7235,574,12,64

[4] [7] [5] [1] [2] [8] [6] [3] [9]
[1] [3] [2] [6] [4] [9] [5] [8] [7]
[2] [6] [7] [5] [1] [4] [8] [9] [3]
[9] [8] [3] [4] [5] [7] [1] [2] [6]
[3] [1] [8] [9] [7] [2] [4] [6] [5]
[5] [4] [6] [3] [9] [1] [2] [7] [8]
[7] [9] [1] [8] [6] [5] [3] [4] [2]
[8] [2] [4] [7] [3] [6] [9] [5] [1]
[6] [5] [9] [2] [8] [3] [7] [1] [4] 


+16

713,279,345,483,691,139,412,924,564,
124,148,592,817,671,592,867,493,978,
956,239,562,569,571,523,948,368,471,
367,145,569,169,289,918,917,923,125,
291,589,342,693,236,367,913,816,857,
958,694,479,378,924,471,567,129,462,
956,258,268,145,489,149,913,857,674,
312,857,613,123,856,584,369,379,452,
259,827,148,894,924,561,967,713,361

[7] [9] [5] [8] [1] [3] [2] [4] [6]
[4] [1] [2] [7] [6] [5] [8] [3] [9]
[9] [3] [6] [5] [7] [2] [4] [8] [1]
[3] [4] [9] [6] [8] [1] [7] [2] [5]
[2] [5] [4] [9] [3] [7] [1] [6] [8]
[8] [6] [7] [3] [9] [4] [5] [1] [2]
[6] [2] [8] [1] [4] [9] [3] [5] [7]
[1] [7] [3] [2] [5] [8] [6] [9] [4]
[5] [8] [1] [4] [2] [6] [9] [7] [3]


++1

624,241,625,361,456,362,
456,234,463,512,623,562,
564,524,635,634,613,145,
624,514,261,513,346,236,
423,356,124,623,561,514,
361,125,512,241,236,612

[6] [1] [5] [3] [4] [2]
[4] [3] [6] [1] [2] [5]
[5] [2] [3] [6] [1] [4]
[2] [4] [1] [5] [6] [3]
[3] [6] [4] [2] [5] [1]
[1] [5] [2] [4] [3] [6]


++2

2461,4571,2371,3572,5624,2361,2671,
1246,6123,5624,6,6734,5623,7356,
2346,4673,5,1,4,1567,7126,
2367,7,6,5,3,4,4513,
4613,3461,2,4,5,2356,4567,
6723,3562,5634,2,7125,2571,4563,
4561,6234,4712,4567,2456,5672,5134

[4] [5] [7] [3] [2] [1] [6]
[1] [2] [4] [6] [7] [3] [5]
[6] [3] [5] [1] [4] [7] [2]
[2] [7] [6] [5] [3] [4] [1]
[3] [1] [2] [4] [5] [6] [7]
[7] [6] [3] [2] [1] [5] [4]
[5] [4] [1] [7] [6] [2] [3] 


++3 (Need guessing)

523,2356,312,341,5623,513,
2345,564,145,412,612,2356,
4612,3512,145,1236,624,534,
2356,342,561,561,145,645,
6234,461,1356,6345,125,615,
136,564,562,235,6235,452

[5] [6] [2] [4] [3] [1]
[2] [5] [4] [1] [6] [3]
[6] [3] [1] [2] [4] [5]
[3] [2] [5] [6] [1] [4]
[4] [1] [3] [5] [2] [6]
[1] [4] [6] [3] [5] [2]


++4

258,713,684,513,456,574,491,715,694,
613,123456789,679,634,123456789,825,645,123456789,591,
356,914,123,671,813,816,251,967,724,
635,124,178,682,562,159,367,723,924,
248,123456789,145,423,123456789,672,671,123456789,463,
346,682,968,935,781,156,735,794,361,
956,813,645,756,268,392,258,456,957,
147,123456789,912,457,123456789,926,726,123456789,348,
834,167,381,347,148,937,169,956,279

[2] [7] [8] [3] [5] [4] [9] [1] [6]
[1] [3] [9] [6] [7] [2] [4] [8] [5]
[6] [9] [2] [1] [3] [8] [5] [7] [4]
[5] [4] [7] [8] [6] [1] [3] [2] [9]
[4] [8] [5] [2] [1] [7] [6] [9] [3]
[3] [2] [6] [9] [8] [5] [7] [4] [1]
[9] [1] [4] [5] [2] [3] [8] [6] [7]
[7] [5] [1] [4] [9] [6] [2] [3] [8]
[8] [6] [3] [7] [4] [9] [1] [5] [2]


++5

567,461,634,341,2456,5723,513,
7145,7136,7146,145,1267,246,574,
247,2561,1567,1234,456,734,7126,
7256,634,312,341,157,135,1246,
5672,356,342,6724,645,125,513,
371,372,573,716,312,347,724,
256,2361,145,267,134,372,6712

[7] [1] [3] [4] [6] [2] [5]
[1] [3] [7] [5] [2] [6] [4]
[4] [2] [6] [1] [5] [3] [7]
[2] [4] [1] [3] [7] [5] [6]
[6] [5] [2] [7] [4] [1] [3]
[3] [7] [5] [6] [1] [4] [2]
[5] [6] [4] [2] [3] [7] [1]


++6

235,734,825,471,4613,148,2781,671,
3678,675,816,472,578,6735,2378,1478,
124,835,615,836,412,2578,578,6712,
483,816,562,726,612,564,357,8146,
786,8235,247,581,5673,6834,824,3671,
7834,815,736,371,482,571,3468,342,
2368,257,815,6734,867,148,2467,352,
1236,4562,784,473,6145,835,678,236

[5] [4] [2] [7] [3] [8] [1] [6]
[8] [7] [1] [2] [5] [6] [3] [4]
[1] [3] [6] [8] [4] [2] [5] [7]
[3] [1] [5] [6] [2] [4] [7] [8]
[7] [8] [4] [5] [6] [3] [2] [1]
[4] [5] [3] [1] [8] [7] [6] [2]
[6] [2] [8] [3] [7] [1] [4] [5]
[2] [6] [7] [4] [1] [5] [8] [3]


++7

312,238,413,3572,5893,178,259,7235,726,
467,3582,379,8235,561,786,615,4792,692,
6723,947,178,582,247,948,362,2578,3812,
9136,463,5674,473,268,6915,715,9368,582,
467,134,4912,681,2351,534,281,4612,4581,
269,3492,567,8147,715,534,917,592,291,
8947,9248,793,3571,692,483,412,915,4562,
514,2356,248,891,694,269,247,614,785,
756,9458,3492,795,248,837,3812,457,481

[1] [2] [4] [7] [5] [8] [9] [3] [6]
[4] [8] [3] [2] [1] [6] [5] [7] [9]
[2] [7] [1] [5] [4] [9] [6] [8] [3]
[3] [6] [5] [4] [2] [1] [7] [9] [8]
[7] [1] [9] [6] [3] [5] [8] [2] [4]
[9] [4] [6] [8] [7] [3] [1] [5] [2]
[8] [9] [7] [3] [6] [4] [2] [1] [5]
[5] [3] [8] [1] [9] [2] [4] [6] [7]
[6] [5] [2] [9] [8] [7] [3] [4] [1]


++8 (Need guessing)

453,261,361,4523,4623,635,
134,136,523,2345,2356,4562,
5234,645,312,5134,623,564,
461,2345,2356,3562,2461,1246,
562,463,6345,3612,452,4623,
245,5123,6145,3462,2456,1345

[3] [1] [6] [2] [4] [5]
[1] [3] [2] [4] [5] [6]
[2] [6] [1] [5] [3] [4]
[4] [5] [3] [6] [1] [2]
[6] [4] [5] [1] [2] [3]
[5] [2] [4] [3] [6] [1]


++9 (Need guessing)

2347,1246,2451,423,6712,624,4562,
7456,6725,5634,1237,3512,7145,2471,
6735,1567,312,341,7146,612,7246,
3412,7236,4123,567,513,7136,1267,
2471,2361,736,5134,341,573,6134,
6712,5713,4523,1256,412,467,715,
1347,123,7145,726,342,3462,735

[3] [4] [1] [2] [7] [6] [5]
[4] [5] [6] [3] [2] [7] [1]
[5] [7] [3] [4] [6] [1] [2]
[1] [2] [4] [7] [5] [3] [6]
[2] [6] [7] [1] [3] [5] [4]
[6] [3] [2] [5] [1] [4] [7]
[7] [1] [5] [6] [4] [2] [3]


++10 (Need guessing)

645,7814,6824,3812,267,1234,347,1267,
2371,2481,2371,3457,716,5712,574,1368,
4673,8125,824,462,357,3478,685,5672,
685,573,2481,756,2678,5623,3461,2457,
562,1456,8123,2461,634,8257,1358,7356,
147,1247,5678,7823,745,6745,468,6345,
478,4123,7356,8357,1346,2371,7256,584,
452,256,4523,1348,568,1357,2578,5678

[5] [4] [6] [8] [2] [3] [7] [1]
[7] [8] [2] [3] [1] [5] [4] [6]
[3] [1] [8] [6] [7] [4] [5] [2]
[6] [3] [4] [7] [8] [2] [1] [5]
[2] [5] [1] [4] [6] [8] [3] [7]
[1] [7] [5] [2] [4] [6] [8] [3]
[8] [2] [7] [5] [3] [1] [6] [4]
[4] [6] [3] [1] [5] [7] [2] [8]


+11 (Need guessing)

5892,2681,6134,2361,2451,623,7936,9238,289,
682,675,6892,8237,5834,625,341,472,726,
9236,7123,4891,342,4572,389,7893,563,9467,
7146,914,249,896,5613,362,845,1679,8346,
4683,9467,9256,3691,5683,7236,7925,2348,3712,
1269,5681,9278,1257,927,4912,9234,1579,8935,
847,795,8916,341,5794,4813,9678,4782,7346,
125,3459,5679,258,249,6815,625,189,2479,
157,1239,1238,1279,1389,589,6714,4681,3458

[5] [8] [4] [6] [1] [3] [7] [9] [2]
[6] [5] [9] [3] [8] [2] [1] [4] [7]
[3] [2] [1] [4] [7] [9] [8] [5] [6]
[1] [9] [2] [8] [3] [6] [5] [7] [4]
[8] [4] [5] [9] [6] [7] [2] [3] [1]
[9] [6] [8] [7] [2] [4] [3] [1] [5]
[4] [7] [6] [1] [5] [8] [9] [2] [3]
[2] [3] [7] [5] [4] [1] [6] [8] [9]
[7] [1] [3] [2] [9] [5] [4] [6] [8]


+12 (Need guessing)

123456789,612,827,349,493,125,148,123,149,
371,123456789,372,789,356,925,795,478,947,
672,259,123456789,824,259,352,479,938,256,
623,948,895,123456789,896,178,926,134,915,
145,574,967,926,123456789,847,267,561,713,
683,713,634,251,524,123456789,796,581,574,
278,391,645,925,591,493,123456789,673,581,
482,794,692,267,735,917,134,123456789,489,
524,491,812,493,897,715,238,269,123456789

[9] [6] [7] [3] [4] [5] [8] [2] [1]
[1] [8] [3] [7] [6] [2] [5] [4] [9]
[7] [2] [1] [8] [5] [3] [4] [9] [6]
[6] [4] [9] [1] [8] [7] [2] [3] [5]
[4] [5] [6] [2] [9] [8] [7] [1] [3]
[3] [1] [4] [5] [2] [6] [9] [8] [7]
[2] [3] [5] [9] [1] [4] [6] [7] [8]
[8] [7] [2] [6] [3] [9] [1] [5] [4]
[5] [9] [8] [4] [7] [1] [3] [6] [2]


++13 (Need guessing)

4563,6245,5134,4513,6245,245,
5624,624,2361,3412,145,4513,
2346,236,512,6245,2351,2351,
2456,3612,3612,645,4561,1346,
312,6123,3462,1245,5613,2451,
6245,5123,5634,4562,346,3451

[3] [5] [4] [1] [6] [2]
[2] [4] [6] [3] [5] [1]
[4] [3] [1] [6] [2] [5]
[5] [2] [3] [4] [1] [6]
[1] [6] [2] [5] [3] [4]
[6] [1] [5] [2] [4] [3]


+14 (Need guessing)

7134,4671,7346,2571,4713,3672,3512,
7146,4712,2356,2356,7246,4573,3467,
7456,4571,1267,1456,3671,2367,3561,
4523,7236,3456,1235,6345,4562,2561,
5614,5672,4561,1267,5612,2671,4723,
4567,6735,4672,7145,7125,4673,5713,
1356,1567,3672,5713,5674,2567,7123

[3] [4] [6] [2] [1] [7] [5]
[1] [2] [5] [6] [7] [3] [4]
[7] [5] [1] [4] [3] [2] [6]
[2] [7] [3] [5] [6] [4] [1]
[5] [6] [4] [7] [2] [1] [3]
[4] [3] [2] [1] [5] [6] [7]
[6] [1] [7] [3] [4] [5] [2]


++15 (Need guessing)

3571,8126,6125,7135,6783,6745,2568,4781,
4512,3572,6235,4123,8357,7235,3567,2781,
3581,2478,6824,3481,2346,6735,3671,5783,
8157,5683,6781,1357,3451,1237,8256,2451,
5671,3472,5783,8567,4783,3481,8346,4612,
7356,5682,7246,1256,8467,7135,3412,6123,
4571,1367,8356,3457,5234,1278,7816,2567,
6245,4561,3571,4561,8124,6135,3562,7824

[5] [1] [2] [3] [6] [4] [8] [7]
[4] [5] [6] [2] [8] [7] [3] [1]
[3] [7] [8] [4] [2] [6] [1] [5]
[8] [3] [1] [7] [5] [2] [6] [4]
[7] [2] [5] [8] [3] [1] [4] [6]
[6] [8] [4] [1] [7] [5] [2] [3]
[1] [6] [3] [5] [4] [8] [7] [2]
[2] [4] [7] [6] [1] [3] [5] [8]


++16 (Need guessing)

4613,5134,5678,4712,1589,2569,1489,2471,4513,
6935,9147,7124,5679,5812,8457,9257,7934,7356,
8915,2678,9345,9457,7925,6791,3412,4893,3451,
9237,6923,1358,5724,7845,6924,9147,1457,8156,
7893,3789,4792,8915,7946,2681,5893,5824,7346,
1347,3912,6793,3578,7835,4713,5614,2581,9346,
1278,9347,6925,2569,8147,2346,2358,7236,5683,
2578,7936,3789,7345,3481,3457,3467,6124,1234,
8247,4689,4823,5678,7956,6745,5694,8145,3571

[6] [5] [7] [1] [8] [2] [9] [4] [3]
[3] [1] [4] [7] [2] [8] [5] [9] [6]
[8] [6] [5] [4] [7] [9] [2] [3] [1]
[9] [3] [1] [2] [5] [6] [4] [7] [8]
[7] [8] [2] [9] [6] [1] [3] [5] [4]
[4] [2] [6] [5] [3] [7] [1] [8] [9]
[1] [7] [9] [6] [4] [3] [8] [2] [5]
[5] [9] [8] [3] [1] [4] [7] [6] [2]
[2] [4] [3] [8] [9] [5] [6] [1] [7] 
