Cross Set Extra stages (+, ++) puzzle & answer list.
------

+1

341,413,1234,134,
341,341,312,1234,
341,2341,423,234,
123,423,2341,342

[3] [4] [2] [1]
[4] [1] [3] [2]
[1] [2] [4] [3]
[2] [3] [1] [4]


+2

5234,2351,1234,34,2451,
452,51,4523,423,54,
513,5134,1235,31,41,
12,1345,1235,5134,352,
5234,3412,245,524,5124

[5] [3] [1] [4] [2]
[4] [1] [3] [2] [5]
[1] [5] [2] [3] [4]
[2] [4] [5] [1] [3]
[3] [2] [4] [5] [1]


+3

564,235,3412,2341,6135,4613,
15,453,2361,1456,352,4613,
135,6125,4562,1235,451,612,
4562,451,3561,613,5614,6345,
56,612,564,3462,5614,5614,
64,412,234,423,52,623

[4] [5] [1] [2] [3] [6]
[1] [3] [6] [5] [2] [4]
[3] [6] [5] [1] [4] [2]
[2] [4] [3] [6] [1] [5]
[5] [2] [4] [3] [6] [1]
[6] [1] [2] [4] [5] [3]


+4

712,7136,67345,62,4563,671,1457,
572,716,43,512,7156,4123,34512,
6723,53,72,123,4523,5672,72345,
614,471,673,36,5673,4513,423,
2467,16,2357,5723,513,56724,16,
71356,5712,35712,145,45,3567,73,
15,45673,56234,2467,3471,5634,74

[7] [6] [3] [2] [4] [1] [5]
[2] [7] [4] [5] [6] [3] [1]
[3] [5] [7] [1] [2] [6] [4]
[1] [4] [6] [3] [7] [5] [2]
[4] [1] [5] [7] [3] [2] [6]
[6] [2] [1] [4] [5] [7] [3]
[5] [3] [2] [6] [1] [4] [7]


+5 (Need guessing)

16,71345,726,4613,673,51,783,7834,
3467,625,345,45823,7234,1346,1258,28,
5784,45613,67,6123,2678,5834,23,67345,
563,6784,127,1468,564,312,58,13,
5712,4823,4781,57124,72456,6823,5814,12367,
53,138,6845,12458,81,72345,3462,72356,
17,34672,523,3581,4612,867,71,453,
168,1248,567,351,61235,56734,4673,785

[1] [4] [2] [6] [3] [5] [7] [8]
[3] [6] [5] [4] [7] [1] [8] [2]
[4] [5] [6] [1] [8] [3] [2] [7]
[6] [7] [1] [8] [4] [2] [5] [3]
[2] [3] [8] [7] [5] [6] [4] [1]
[5] [8] [4] [2] [1] [7] [3] [6]
[7] [2] [3] [5] [6] [8] [1] [4]
[8] [1] [7] [3] [2] [4] [6] [5]


+6 (Need guessing)

6724,4567,2571,824,467,834,4512,124,
712,534,128,6245,83467,846,8246,635,
125,2567,6813,453,14678,581,783,7136,
563,138,453,7845,472,231,523,845,
567,382,817,3812,6825,241,35781,625,
1248,12567,381,564,6815,7236,8137,124,
378,615,2467,312,4571,745,564,235,
6135,583,836,1237,124,168,462,478

[2] [6] [5] [8] [7] [3] [1] [4]
[7] [4] [1] [5] [3] [8] [2] [6]
[1] [2] [6] [4] [8] [5] [7] [3]
[6] [3] [4] [7] [2] [1] [5] [8]
[5] [8] [7] [1] [6] [4] [3] [2]
[4] [7] [3] [6] [5] [2] [8] [1]
[8] [1] [2] [3] [4] [7] [6] [5]
[3] [5] [8] [2] [1] [6] [4] [7]


+7

456923,827,392,359,125789,47,149,582,4578,
789246,7123,8247,92378,561,94678,69,3681,6835,
34672,564,78246,35,234,15678,678925,379,97,
79246,836,7945,58234,139,457893,12368,312,31,
592,795,16,3682,5913,2345,1248,9167,34671,
41,391,834,43,79,381,235891,691235,467123,
69135,64,36,8927,12568,893,29,98,95,
683,91346,5624,678235,6925,45693,7934,8923,76,
45,563,924,91347,623,5623,71,689245,28

[6] [2] [3] [9] [8] [7] [1] [5] [4]
[4] [7] [8] [2] [5] [6] [9] [1] [3]
[7] [6] [2] [5] [4] [1] [8] [3] [9]
[9] [8] [7] [4] [3] [5] [6] [2] [1]
[2] [5] [1] [8] [9] [3] [4] [7] [6]
[1] [9] [4] [3] [7] [8] [5] [6] [2]
[3] [4] [6] [7] [1] [9] [2] [8] [5]
[8] [1] [5] [6] [2] [4] [3] [9] [7]
[5] [3] [9] [1] [6] [2] [7] [4] [8]


+8

5612,157,812,7945,8156,795,5734,1457,736,
534,4693,7916,712,8234,78946,826,167,524,
56714,24689,625,723,692,1239,136,2678,3491,
61235,7814,834,674,691,534,249,269,5784,
129,7456,168,791,125,635,4691,257,671,
89145,413,5624,158,451,682,735,124,189,
9346,4573,126,45813,179,361,823,827,682,
523,149,271,9358,3478,578,463,392,68134,
346,1239,491,159,5693,589,147,2481,927

[6] [1] [2] [9] [8] [7] [5] [4] [3]
[4] [6] [1] [2] [3] [9] [8] [7] [5]
[7] [8] [5] [3] [9] [2] [1] [6] [4]
[5] [7] [3] [6] [1] [4] [2] [9] [8]
[1] [4] [8] [7] [2] [3] [9] [5] [6]
[8] [3] [4] [1] [5] [6] [7] [2] [9]
[9] [5] [6] [4] [7] [1] [3] [8] [2]
[2] [9] [7] [8] [4] [5] [6] [3] [1]
[3] [2] [9] [5] [6] [8] [4] [1] [7]


++1 (Need guessing)

412,241,123456,123456,235,234,
351,123456,456,513,123456,562,
123456,251,356,562,623,123456,
123456,645,524,645,346,123456,
346,123456,235,346,123456,125,
361,234,123456,123456,563,413

[2] [4] [1] [6] [5] [3]
[5] [3] [4] [1] [2] [6]
[4] [1] [6] [2] [3] [5]
[3] [6] [2] [5] [4] [1]
[6] [5] [3] [4] [1] [2]
[1] [2] [5] [3] [6] [4]


++2 (Need guessing)

1234567,712,413,624,671,452,1234567,
236,1234567,564,137,726,1234567,412,
145,674,1234567,347,1234567,723,573,
371,514,251,1234567,524,634,341,
145,726,1234567,716,1234567,563,524,
563,1234567,236,147,524,1234567,745,
1234567,574,342,716,524,736,1234567

[5] [1] [3] [2] [7] [4] [6]
[2] [3] [5] [1] [6] [7] [4]
[4] [6] [7] [3] [1] [2] [5]
[7] [4] [1] [5] [2] [6] [3]
[1] [7] [4] [6] [3] [5] [2]
[3] [2] [6] [4] [5] [1] [7]
[6] [5] [2] [7] [4] [3] [1]


++3

567,473,581,825,124,581,824,574,
561,134,125,725,835,412,734,625,
453,857,12345678,12345678,12345678,12345678,137,235,
681,564,12345678,835,257,12345678,674,715,
457,823,12345678,512,134,12345678,827,312,
823,461,12345678,12345678,12345678,12345678,127,247,
713,723,256,281,461,846,583,148,
826,857,847,126,847,823,746,524

[6] [3] [5] [8] [4] [1] [2] [7]
[5] [4] [1] [7] [8] [2] [3] [6]
[4] [8] [2] [6] [5] [7] [1] [3]
[1] [6] [7] [3] [2] [8] [4] [5]
[7] [2] [4] [5] [3] [6] [8] [1]
[8] [1] [3] [4] [6] [5] [7] [2]
[3] [7] [6] [2] [1] [4] [5] [8]
[2] [5] [8] [1] [7] [3] [6] [4]


++4

567,782,825,412,456,957,345,389,615,
482,924,234,894,523,612,912,127,278,
923,579,167,257,291,368,692,124,368,
624,247,684,123456789,123456789,123456789,837,347,169,
471,371,945,123456789,123456789,123456789,271,356,625,
489,674,167,123456789,123456789,123456789,459,251,694,
123,136,457,745,459,724,278,845,634,
837,457,816,489,453,578,581,389,239,
635,413,258,168,346,827,734,689,478

[7] [8] [5] [2] [6] [9] [4] [3] [1]
[8] [2] [3] [4] [5] [6] [9] [1] [7]
[2] [9] [7] [5] [1] [3] [6] [4] [8]
[6] [4] [8] [1] [2] [5] [3] [7] [9]
[4] [3] [9] [8] [7] [1] [2] [6] [5]
[9] [7] [1] [3] [8] [4] [5] [2] [6]
[1] [6] [4] [7] [9] [2] [8] [5] [3]
[3] [5] [6] [9] [4] [7] [1] [8] [2]
[5] [1] [2] [6] [3] [8] [7] [9] [4]


++5 (Need guessing)

461,2461,5234,356,5613,413,
5234,6345,5612,4513,3562,231,
2561,634,1356,235,2356,3451,
4562,6245,2561,4612,1346,6125,
125,1256,5134,4123,3451,126,
2461,4562,6124,4123,3512,134

[4] [2] [5] [6] [1] [3]
[3] [5] [1] [4] [6] [2]
[1] [3] [6] [5] [2] [4]
[6] [4] [2] [1] [3] [5]
[5] [1] [3] [2] [4] [6]
[2] [6] [4] [3] [5] [1]


++6

3562,3452,2367,2461,1245,5613,4561,
1356,5673,7236,4623,2356,3612,6124,
7345,5134,1267,7345,6345,7234,7456,
4561,3462,6735,1356,5623,3612,6714,
5124,2467,7356,5713,4123,5713,5624,
6735,1236,5234,1345,6135,4513,6234,
7235,1367,6715,4671,2367,2367,1367

[2] [5] [7] [6] [4] [3] [1]
[6] [7] [3] [2] [5] [1] [4]
[3] [1] [2] [7] [6] [4] [5]
[4] [3] [5] [1] [2] [6] [7]
[1] [4] [6] [5] [3] [7] [2]
[7] [2] [4] [3] [1] [5] [6]
[5] [6] [1] [4] [7] [2] [3]


++7 (Need guessing)

7834,4612,2578,8234,3572,5678,3567,5823,
3561,5824,5812,3572,6125,2451,1478,5681,
7812,6835,5624,1357,8123,2481,4683,5781,
5134,8267,6785,1246,6781,3581,7826,7834,
1268,8124,2458,6245,2781,5712,4623,4571,
3671,8146,4561,4583,5671,2341,1456,4561,
4713,1678,3568,8357,3482,8345,7136,6123,
1267,1367,1245,1248,3562,2451,5124,3578

[4] [1] [7] [8] [2] [6] [5] [3]
[3] [2] [8] [7] [5] [1] [4] [6]
[8] [5] [2] [1] [3] [4] [6] [7]
[5] [7] [6] [2] [1] [3] [8] [4]
[2] [4] [5] [6] [8] [7] [3] [1]
[6] [8] [4] [3] [7] [2] [1] [5]
[1] [6] [3] [5] [4] [8] [7] [2]
[7] [3] [1] [4] [6] [5] [2] [8]


++8 (Need a lot of guessing...)

2478,3468,1246,6934,2391,7823,6795,4568,9457,
2789,9278,5782,4613,9137,2351,5834,6935,4781,
9356,3567,3489,1367,5684,6792,9347,5691,8967,
9246,4789,5784,5124,7346,2681,8937,6895,2467,
4723,9238,5134,7926,9568,4681,7136,9237,8915,
3672,7836,6713,4612,6125,8924,9357,5134,1689,
1348,1256,2569,7913,9357,2357,6345,5734,3892,
7946,5892,8457,8135,5693,9235,1357,9123,9248,
1237,8136,5623,3478,1457,7946,3912,8946,3456

[4] [3] [1] [6] [2] [8] [9] [5] [7]
[2] [9] [5] [4] [7] [3] [8] [6] [1]
[5] [7] [9] [3] [8] [2] [4] [1] [6]
[9] [4] [7] [5] [6] [1] [3] [8] [2]
[3] [2] [4] [9] [5] [6] [1] [7] [8]
[7] [8] [6] [2] [1] [4] [5] [3] [9]
[8] [1] [2] [7] [9] [5] [6] [4] [3]
[6] [5] [8] [1] [3] [9] [7] [2] [4]
[1] [6] [3] [8] [4] [7] [2] [9] [5]

